    0.000000000000000     
    0.000000000000000     
    0.000000000000000     
    0.000000000000000     
    0.000000000000000     
    0.000000000000000     
    0.000000000000000     
    0.000000000000000     
    0.000000000000000     
    0.000000000000000     
    0.000000000000000     
    0.000000000000000     
    0.000000000000000     
    0.000000000000000     
    0.000000000000000     
    0.000000000000000     
    0.000000000000000     
    0.000000000000000     
    0.000000000000000     
    0.000000000000000     
    0.000000000000000     
    0.000000000000000     
    0.000000000000000     
    0.000000000000000     
    0.000000000000000     
    0.000000000000000     
    0.000000000000000     
    0.000000000000000     
    0.000000000000000     
    0.000000000000000     
    0.000000000000000     
    0.000000000000000     
    0.000000000000000     
   0.1725974825582186     
   0.2690073244166530     
   0.4237553755539473     
   1.3341881826528561E-002
   4.7861001115119955E-002
   1.2534497014550698E-002
  -3.4249535733666498E-003
  -7.8533640458156116E-003
  -4.8754206106844424E-002
  -5.4187544107362449E-002
  -2.7621080782703301E-002
   1.4948192896788819E-002
  -3.1492104075808410E-003
  -3.7949196731438033E-002
  -3.7949196731438033E-002
    0.000000000000000     
   0.2647968255807652     
   0.3484481963799736     
   0.4590172436703036     
   0.5993177642900182     
   0.1081385886349229     
   1.6918956696770047E-002
  -1.7490565873636350E-002
  -4.2100462372412058E-002
  -6.2149080068027523E-002
  -5.8067930210524227E-002
  -2.4018320521362335E-002
  -4.1838062363765138E-002
  -2.9435358243093158E-002
  -1.2246842237326010E-002
  -1.2246842237326010E-002
    0.000000000000000     
   0.2657403825205680     
   0.3176535606022631     
   0.3296430897393697     
   0.3234218116773340     
   0.1703551549187047     
   8.4524339687195998E-002
   2.5932931229024715E-002
  -1.1367793861573348E-002
  -3.8844130561286015E-002
  -6.1067594565754536E-002
  -4.0092376273479224E-002
  -2.9629006834541810E-002
  -2.7521957475894213E-002
  -4.7095432653811713E-002
  -4.7095432653811713E-002
    0.000000000000000     
   0.1889399363553383     
   0.2268216765048029     
   0.2240672015493212     
   0.1994607305798695     
   0.1489836859795733     
   0.1047879994296175     
   5.3041464847829720E-002
   7.7464261771444196E-003
  -1.7618473699506452E-002
  -4.9667701114475389E-002
  -5.4923029416058443E-002
  -1.8930845837180667E-002
  -1.8387298584415929E-002
  -6.9228911872871474E-002
  -6.9228911872871474E-002
    0.000000000000000     
   0.1355111316411922     
   0.1653202524210731     
   0.1652759987435435     
   0.1501920740443080     
   0.1209948970589567     
   9.1262081293678424E-002
   5.0602066880117758E-002
   3.9546345486607751E-003
  -1.8863815593109085E-002
  -3.4119566242667827E-002
  -5.2516837579609461E-002
  -3.0209159969704587E-002
  -2.0468632104144516E-002
  -5.3539205447243950E-002
  -5.3539205447243950E-002
    0.000000000000000     
   9.7679771189561254E-002
   0.1022804045595804     
   9.0921561009381230E-002
   8.9269116098331991E-002
   7.0700355935614051E-002
   4.9292029912859761E-002
   4.3031308660757488E-002
   2.0281725653136993E-002
  -1.5771255563321943E-002
  -2.2922244032904538E-002
  -2.1592308895249570E-002
  -1.8288383085253244E-002
  -1.8016009626225356E-002
  -3.9226911892380145E-002
  -3.9226911892380145E-002
    0.000000000000000     
   4.1763326067514026E-002
   2.5485468728353684E-002
   9.4155703325864131E-003
   1.9397088772576284E-002
   1.9399956449976240E-002
   1.6161647396837585E-002
   3.5942598377741407E-002
   3.1663602996907125E-002
  -1.7825133669947184E-002
  -3.9104115662148303E-002
  -2.2395162856397546E-002
  -1.2076468985904462E-002
  -9.9953603472614852E-003
  -1.7213623579671648E-002
  -1.7213623579671648E-002
    0.000000000000000     
    0.000000000000000     
    0.000000000000000     
    0.000000000000000     
    0.000000000000000     
    0.000000000000000     
    0.000000000000000     
    0.000000000000000     
    0.000000000000000     
    0.000000000000000     
    0.000000000000000     
    0.000000000000000     
    0.000000000000000     
    0.000000000000000     
    0.000000000000000     
    0.000000000000000     
    0.000000000000000     
    0.000000000000000     
    0.000000000000000     
    0.000000000000000     
    0.000000000000000     
    0.000000000000000     
    0.000000000000000     
    0.000000000000000     
    0.000000000000000     
    0.000000000000000     
    0.000000000000000     
    0.000000000000000     
    0.000000000000000     
    0.000000000000000     
    0.000000000000000     
    0.000000000000000     
