0.500000
0.500000
0.335968
0.119668
-0.275980
-0.534702
-0.412933
-0.461707
-0.637251
-0.620604
-0.814689
-0.816058
-0.655996
-0.537990
-0.508479
-0.567502
-0.449457
0.500000
0.500000
0.335968
0.119668
-0.275980
-0.534702
-0.412933
-0.461707
-0.637251
-0.620604
-0.814689
-0.816058
-0.655996
-0.537990
-0.508479
-0.567502
-0.449457
0.500000
0.500000
0.443805
0.401631
0.379818
-0.304745
-0.476257
-0.519960
-0.598722
-0.685109
-0.753498
-0.724148
-0.602214
-0.562261
-0.552505
-0.572018
-0.532991
0.500000
0.500000
0.506469
0.501800
0.586005
0.682723
0.626138
0.584978
0.504584
0.353958
0.297237
0.390424
0.516742
0.599174
0.620287
0.578062
0.662511
0.500000
0.500000
0.540586
0.495520
0.560290
0.624838
0.571992
0.535342
0.491115
0.368351
0.339914
0.481442
0.562046
0.613320
0.611823
0.614818
0.608827
0.500000
0.500000
0.566947
0.490838
0.528219
0.578989
0.523279
0.464959
0.428046
0.338515
0.312491
0.486269
0.593198
0.593435
0.542783
0.644086
0.441480
0.500000
0.500000
0.588632
0.496036
0.516784
0.557102
0.499069
0.416429
0.365693
0.308064
0.292252
0.463723
0.611329
0.594678
0.504384
0.684973
0.323795
0.500000
0.500000
0.580959
0.479866
0.519473
0.548447
0.490204
0.415580
0.332690
0.261052
0.277918
0.455414
0.609781
0.595266
0.487388
0.703144
0.271632
0.500000
0.500000
0.549641
0.452852
0.533548
0.560216
0.502377
0.447451
0.323159
0.199662
0.250955
0.466025
0.616327
0.599001
0.484186
0.713815
0.254558
0.500000
0.500000
0.549641
0.452852
0.533548
0.560216
0.502377
0.447451
0.323159
0.199662
0.250955
0.466025
0.616327
0.599001
0.484186
0.713815
0.269886
