0.000000
0.000000
0.000000
0.000000
0.000000
0.000000
0.000000
0.000000
0.000000
0.000000
0.000000
0.000000
0.000000
0.000000
0.000000
0.000000
0.000000
0.000000
0.000000
0.000000
0.000000
0.000000
0.000000
0.000000
0.000000
0.000000
0.000000
0.000000
0.000000
0.000000
0.000000
0.000000
0.000000
-0.004897
-0.004926
-0.004930
-0.004930
-0.002484
-0.002484
-0.002484
-0.002484
-0.002484
-0.002484
-0.002484
-0.002484
-0.002484
-0.002484
-0.002484
0.000000
-0.005029
-0.005031
-0.005031
-0.005031
-0.004980
-0.004978
-0.004976
-0.004973
-0.004971
-0.004968
-0.004965
-0.004962
-0.004959
-0.004956
-0.004956
0.000000
-0.005031
-0.005032
-0.005032
-0.005032
-0.005032
-0.005032
-0.005032
-0.005031
-0.005031
-0.005031
-0.005031
-0.005031
-0.005031
-0.005031
-0.005031
0.000000
-0.005031
-0.005032
-0.005032
-0.005032
-0.005032
-0.005032
-0.005032
-0.005032
-0.005032
-0.005032
-0.005032
-0.005032
-0.005032
-0.005032
-0.005032
0.000000
-0.005031
-0.005032
-0.005032
-0.005032
-0.005032
-0.005032
-0.005032
-0.005032
-0.005032
-0.005032
-0.005032
-0.005032
-0.005032
-0.005032
-0.005032
0.000000
-0.005028
-0.005031
-0.005031
-0.005031
-0.005031
-0.005031
-0.005031
-0.005031
-0.005030
-0.005030
-0.005030
-0.005030
-0.005030
-0.005029
-0.005029
0.000000
-0.004889
-0.004932
-0.004930
-0.004930
-0.004928
-0.004925
-0.004920
-0.004916
-0.004910
-0.004904
-0.004898
-0.004892
-0.004887
-0.004881
-0.004881
0.000000
0.000000
0.000000
0.000000
0.000000
0.000000
0.000000
0.000000
0.000000
0.000000
0.000000
0.000000
0.000000
0.000000
0.000000
0.000000
0.000000
0.000000
0.000000
0.000000
0.000000
0.000000
0.000000
0.000000
0.000000
0.000000
0.000000
0.000000
0.000000
0.000000
0.000000
0.000000
