0.500000
0.500000
0.334207
0.099228
-0.230672
-0.335062
-0.301369
-0.341789
-0.376985
-0.377220
-0.441302
-0.454224
-0.420029
-0.376101
-0.365090
-0.387112
-0.343067
0.500000
0.500000
0.334207
0.099228
-0.230672
-0.335062
-0.301369
-0.341789
-0.376985
-0.377220
-0.441302
-0.454224
-0.420029
-0.376101
-0.365090
-0.387112
-0.343067
0.500000
0.500000
0.428482
0.346360
0.297746
-0.254319
-0.337995
-0.354284
-0.376021
-0.414557
-0.440262
-0.422153
-0.374577
-0.385883
-0.388018
-0.383747
-0.392290
0.500000
0.500000
0.503365
0.486364
0.596073
0.811826
0.708018
0.625498
0.569262
0.484146
0.451663
0.510559
0.548328
0.550448
0.548281
0.552614
0.543949
0.500000
0.500000
0.541300
0.501037
0.589699
0.711678
0.663754
0.606481
0.574099
0.499788
0.472738
0.573353
0.599476
0.593645
0.572339
0.614952
0.529726
0.500000
0.500000
0.566703
0.497908
0.559188
0.650042
0.611327
0.547300
0.524805
0.473784
0.441260
0.568836
0.632444
0.594537
0.529904
0.659169
0.400639
0.500000
0.500000
0.587429
0.498237
0.540962
0.614614
0.576288
0.500943
0.473558
0.449819
0.426080
0.551073
0.652537
0.602881
0.501806
0.703955
0.299658
0.500000
0.500000
0.583134
0.484821
0.539449
0.592048
0.551254
0.494145
0.448348
0.411956
0.419009
0.551986
0.655361
0.603085
0.483867
0.722304
0.245430
0.500000
0.500000
0.557952
0.463525
0.550062
0.590136
0.546147
0.515846
0.442560
0.359553
0.397433
0.567264
0.664111
0.604638
0.477553
0.731723
0.223382
0.500000
0.500000
0.557952
0.463525
0.550062
0.590136
0.546147
0.515846
0.442560
0.359553
0.397433
0.567264
0.664111
0.604638
0.477553
0.731723
0.238827
