0.000000
0.000000
0.000000
0.000000
0.000000
0.000000
0.000000
0.000000
0.000000
0.000000
0.000000
0.000000
0.000000
0.000000
0.000000
0.000000
0.000000
0.000000
0.000000
0.000000
0.000000
0.000000
0.000000
0.000000
0.000000
0.000000
0.000000
0.000000
0.000000
0.000000
0.000000
0.000000
0.000000
0.165469
0.273065
0.429044
0.011903
0.048120
0.012698
-0.003134
-0.007530
-0.048929
-0.054045
-0.026931
0.016035
-0.002895
-0.038469
-0.038469
0.000000
0.259319
0.351218
0.461411
0.599970
0.109463
0.017653
-0.017302
-0.041692
-0.061704
-0.057442
-0.022557
-0.040962
-0.029017
-0.013269
-0.013269
0.000000
0.262398
0.319214
0.330957
0.324187
0.171359
0.085242
0.026213
-0.010994
-0.038287
-0.060553
-0.039169
-0.029051
-0.027138
-0.047903
-0.047903
0.000000
0.187028
0.227423
0.224711
0.200031
0.149722
0.105481
0.053482
0.008129
-0.017167
-0.049242
-0.054495
-0.018592
-0.018146
-0.069998
-0.069998
0.000000
0.134552
0.165201
0.165302
0.150459
0.121350
0.091812
0.051275
0.004491
-0.018405
-0.033596
-0.052269
-0.030023
-0.020346
-0.054021
-0.054021
0.000000
0.097270
0.101678
0.090629
0.089399
0.070813
0.049675
0.043770
0.020779
-0.015423
-0.022470
-0.021444
-0.018267
-0.017977
-0.039295
-0.039295
0.000000
0.041104
0.024786
0.009217
0.019661
0.019600
0.016501
0.036520
0.031996
-0.017620
-0.038804
-0.022228
-0.012040
-0.009919
-0.017411
-0.017411
0.000000
0.000000
0.000000
0.000000
0.000000
0.000000
0.000000
0.000000
0.000000
0.000000
0.000000
0.000000
0.000000
0.000000
0.000000
0.000000
0.000000
0.000000
0.000000
0.000000
0.000000
0.000000
0.000000
0.000000
0.000000
0.000000
0.000000
0.000000
0.000000
0.000000
0.000000
0.000000
