0.500000
0.500000
0.495849
0.488021
0.476889
0.462758
0.445891
0.426509
0.404810
0.380970
0.355159
0.327549
0.298335
0.267751
0.236099
0.203770
0.171273
0.139258
0.108527
0.080032
0.054846
0.034098
0.018865
0.010044
0.008213
0.007518
0.006944
0.006350
0.005745
0.005155
0.004600
0.004094
0.003642
0.003245
0.002900
0.002603
0.002348
0.002131
0.001946
0.001788
0.001654
0.001541
0.001444
0.001361
0.001290
0.001228
0.001175
0.001129
0.001088
0.001051
0.001018
0.000987
0.000959
0.000932
0.000906
0.000881
0.000856
0.000830
0.000805
0.000778
0.000751
0.000723
0.000693
0.000662
0.000630
0.000595
0.000560
0.000522
0.000484
0.000443
0.000402
0.000359
0.000316
0.000274
0.000231
0.000191
0.000152
0.000117
0.000086
0.000059
0.000035
0.000015
0.000000
0.000030
-0.000030
0.500000
0.500000
0.495849
0.488021
0.476889
0.462758
0.445891
0.426509
0.404810
0.380970
0.355159
0.327549
0.298335
0.267751
0.236099
0.203770
0.171273
0.139258
0.108527
0.080032
0.054846
0.034098
0.018865
0.010044
0.008213
0.007518
0.006944
0.006350
0.005745
0.005155
0.004600
0.004094
0.003642
0.003245
0.002900
0.002603
0.002348
0.002131
0.001946
0.001788
0.001654
0.001541
0.001444
0.001361
0.001290
0.001228
0.001175
0.001129
0.001088
0.001051
0.001018
0.000987
0.000959
0.000932
0.000906
0.000881
0.000856
0.000830
0.000805
0.000778
0.000751
0.000723
0.000693
0.000662
0.000630
0.000595
0.000560
0.000522
0.000484
0.000443
0.000402
0.000359
0.000316
0.000274
0.000231
0.000191
0.000152
0.000117
0.000086
0.000059
0.000035
0.000015
0.000000
0.000030
-0.000030
0.500000
0.500000
0.495969
0.488295
0.477344
0.463422
0.446790
0.427670
0.406254
0.382716
0.357218
0.329922
0.301009
0.270696
0.239261
0.207068
0.174595
0.142461
0.111449
0.082513
0.056758
0.035388
0.019596
0.010400
0.008458
0.007683
0.007034
0.006376
0.005721
0.005099
0.004526
0.004013
0.003561
0.003169
0.002831
0.002542
0.002295
0.002085
0.001907
0.001756
0.001628
0.001518
0.001425
0.001346
0.001277
0.001218
0.001167
0.001122
0.001082
0.001047
0.001015
0.000985
0.000957
0.000931
0.000905
0.000880
0.000855
0.000830
0.000805
0.000779
0.000752
0.000723
0.000694
0.000663
0.000631
0.000597
0.000561
0.000523
0.000484
0.000444
0.000402
0.000359
0.000316
0.000273
0.000230
0.000189
0.000150
0.000115
0.000083
0.000056
0.000033
0.000014
0.000000
0.000028
-0.000028
0.500000
0.500000
0.496112
0.488700
0.478101
0.464606
0.448464
0.429891
0.409071
0.386167
0.361330
0.334705
0.306446
0.276736
0.245807
0.213964
0.181620
0.149327
0.117812
0.088011
0.061078
0.038363
0.021304
0.011222
0.008998
0.008025
0.007202
0.006404
0.005650
0.004966
0.004363
0.003840
0.003393
0.003013
0.002692
0.002420
0.002190
0.001996
0.001832
0.001693
0.001575
0.001475
0.001389
0.001316
0.001253
0.001199
0.001151
0.001109
0.001072
0.001039
0.001008
0.000980
0.000954
0.000928
0.000904
0.000880
0.000855
0.000831
0.000806
0.000780
0.000753
0.000725
0.000696
0.000665
0.000633
0.000599
0.000563
0.000526
0.000486
0.000445
0.000403
0.000360
0.000316
0.000271
0.000228
0.000185
0.000145
0.000109
0.000077
0.000050
0.000029
0.000012
0.000000
0.000024
-0.000024
0.500000
0.500000
0.496308
0.489262
0.479171
0.466303
0.450891
0.433137
0.413215
0.391278
0.367458
0.341879
0.314663
0.285947
0.255896
0.224735
0.192770
0.160438
0.128352
0.097371
0.068664
0.043755
0.024476
0.012724
0.009918
0.008544
0.007403
0.006375
0.005475
0.004712
0.004078
0.003556
0.003126
0.002773
0.002480
0.002238
0.002035
0.001865
0.001722
0.001601
0.001499
0.001412
0.001337
0.001273
0.001218
0.001170
0.001128
0.001091
0.001057
0.001027
0.000999
0.000974
0.000949
0.000925
0.000902
0.000879
0.000856
0.000832
0.000807
0.000782
0.000756
0.000728
0.000699
0.000669
0.000636
0.000602
0.000567
0.000529
0.000489
0.000448
0.000405
0.000360
0.000315
0.000269
0.000224
0.000180
0.000138
0.000100
0.000068
0.000041
0.000022
0.000009
0.000000
0.000017
-0.000017
0.500000
0.500000
0.496559
0.489982
0.480543
0.468485
0.454023
0.437343
0.418609
0.397961
0.375518
0.351380
0.325638
0.298378
0.269695
0.239711
0.208599
0.176623
0.144200
0.111996
0.081060
0.053006
0.030150
0.015382
0.011354
0.009196
0.007526
0.006172
0.005100
0.004270
0.003631
0.003137
0.002752
0.002446
0.002201
0.002001
0.001836
0.001699
0.001584
0.001487
0.001405
0.001334
0.001274
0.001222
0.001176
0.001136
0.001101
0.001069
0.001041
0.001014
0.000990
0.000967
0.000944
0.000923
0.000901
0.000879
0.000857
0.000834
0.000811
0.000786
0.000760
0.000733
0.000705
0.000674
0.000642
0.000608
0.000572
0.000534
0.000494
0.000452
0.000408
0.000362
0.000315
0.000267
0.000219
0.000172
0.000128
0.000088
0.000054
0.000028
0.000011
0.000003
0.000000
0.000006
-0.000006
0.500000
0.500000
0.496862
0.490844
0.482185
0.471100
0.457783
0.442408
0.425128
0.406074
0.385357
0.363061
0.339252
0.313977
0.287266
0.259143
0.229639
0.198810
0.166795
0.133899
0.100785
0.068810
0.040549
0.020295
0.013444
0.009793
0.007333
0.005602
0.004399
0.003570
0.002993
0.002583
0.002282
0.002054
0.001876
0.001733
0.001616
0.001520
0.001438
0.001369
0.001310
0.001259
0.001214
0.001175
0.001141
0.001110
0.001082
0.001057
0.001034
0.001012
0.000991
0.000970
0.000950
0.000930
0.000910
0.000890
0.000869
0.000847
0.000824
0.000799
0.000774
0.000747
0.000718
0.000688
0.000655
0.000621
0.000584
0.000546
0.000505
0.000461
0.000416
0.000368
0.000318
0.000267
0.000216
0.000165
0.000116
0.000072
0.000035
0.000008
-0.000005
-0.000006
0.000000
-0.000011
0.000011
0.500000
0.500000
0.497205
0.491823
0.484051
0.474074
0.462066
0.448190
0.432592
0.415401
0.396726
0.376650
0.355229
0.332491
0.308429
0.283003
0.256133
0.227697
0.197536
0.165491
0.131506
0.095972
0.060613
0.030457
0.016220
0.010013
0.006571
0.004548
0.003377
0.002700
0.002297
0.002042
0.001870
0.001745
0.001649
0.001572
0.001508
0.001453
0.001406
0.001364
0.001327
0.001293
0.001263
0.001235
0.001209
0.001185
0.001162
0.001141
0.001120
0.001100
0.001079
0.001059
0.001039
0.001018
0.000997
0.000975
0.000952
0.000928
0.000903
0.000876
0.000848
0.000819
0.000787
0.000754
0.000718
0.000681
0.000641
0.000598
0.000553
0.000505
0.000454
0.000401
0.000345
0.000287
0.000228
0.000169
0.000111
0.000058
0.000014
-0.000017
-0.000028
-0.000019
0.000000
-0.000038
0.000038
0.500000
0.500000
0.497580
0.492889
0.486081
0.477313
0.466737
0.454507
0.440767
0.425650
0.409273
0.391730
0.373090
0.353389
0.332626
0.310754
0.287664
0.263170
0.236970
0.208590
0.177295
0.141997
0.101433
0.056269
0.021674
0.011570
0.006617
0.004327
0.003363
0.002965
0.002789
0.002694
0.002631
0.002579
0.002532
0.002487
0.002443
0.002399
0.002356
0.002313
0.002269
0.002227
0.002184
0.002142
0.002099
0.002058
0.002016
0.001974
0.001932
0.001891
0.001848
0.001806
0.001763
0.001719
0.001675
0.001629
0.001583
0.001535
0.001486
0.001435
0.001383
0.001329
0.001272
0.001214
0.001153
0.001089
0.001022
0.000952
0.000879
0.000802
0.000722
0.000638
0.000550
0.000459
0.000366
0.000272
0.000179
0.000093
0.000019
-0.000035
-0.000057
-0.000039
0.000000
-0.000078
0.000078
0.500000
0.500000
0.497971
0.494004
0.488209
0.480708
0.471639
0.461145
0.449371
0.436461
0.422546
0.407744
0.392153
0.375844
0.358859
0.341201
0.322832
0.303653
0.283489
0.262054
0.238883
0.213158
0.183145
0.143813
0.075827
0.036699
0.022430
0.017518
0.015562
0.014529
0.013827
0.013280
0.012822
0.012423
0.012065
0.011735
0.011427
0.011132
0.010849
0.010574
0.010305
0.010042
0.009782
0.009527
0.009274
0.009025
0.008778
0.008534
0.008292
0.008051
0.007812
0.007574
0.007338
0.007101
0.006865
0.006629
0.006392
0.006154
0.005914
0.005673
0.005429
0.005182
0.004932
0.004678
0.004419
0.004154
0.003884
0.003608
0.003324
0.003032
0.002733
0.002426
0.002112
0.001791
0.001468
0.001146
0.000833
0.000539
0.000281
0.000078
-0.000043
-0.000060
0.000000
-0.000120
0.000120
0.500000
0.500000
0.498367
0.495133
0.490361
0.484146
0.476603
0.467871
0.458095
0.447431
0.436030
0.424037
0.411587
0.398798
0.385772
0.372591
0.359316
0.345991
0.332645
0.319295
0.305934
0.292465
0.278428
0.262133
0.238644
0.199128
0.165082
0.140998
0.124758
0.113617
0.105623
0.099584
0.094794
0.090828
0.087425
0.084415
0.081688
0.079167
0.076800
0.074550
0.072392
0.070308
0.068283
0.066308
0.064377
0.062483
0.060622
0.058790
0.056984
0.055202
0.053439
0.051694
0.049964
0.048246
0.046538
0.044837
0.043141
0.041445
0.039749
0.038048
0.036340
0.034621
0.032888
0.031137
0.029365
0.027567
0.025742
0.023885
0.021992
0.020063
0.018096
0.016093
0.014058
0.012005
0.009951
0.007926
0.005976
0.004161
0.002562
0.001274
0.000398
-0.000005
0.000000
-0.000009
0.000009
0.500000
0.500000
0.498754
0.496237
0.492469
0.487511
0.481463
0.474453
0.466628
0.458153
0.449196
0.439929
0.430519
0.421128
0.411907
0.402996
0.394530
0.386630
0.379408
0.372941
0.367214
0.361958
0.356266
0.347862
0.332286
0.304496
0.273560
0.245885
0.223396
0.205728
0.191853
0.180770
0.171696
0.164064
0.157475
0.151647
0.146382
0.141542
0.137025
0.132759
0.128692
0.124784
0.121009
0.117344
0.113773
0.110285
0.106868
0.103515
0.100219
0.096972
0.093771
0.090609
0.087481
0.084383
0.081310
0.078257
0.075219
0.072191
0.069168
0.066146
0.063117
0.060078
0.057023
0.053945
0.050838
0.047697
0.044516
0.041290
0.038013
0.034682
0.031298
0.027864
0.024390
0.020896
0.017414
0.013992
0.010703
0.007641
0.004924
0.002691
0.001077
0.000181
0.000000
0.000362
-0.000362
0.500000
0.500000
0.499121
0.497283
0.494465
0.490699
0.486064
0.480677
0.474683
0.468251
0.461561
0.454801
0.448161
0.441826
0.435974
0.430768
0.426354
0.422848
0.420312
0.418704
0.417780
0.416921
0.414855
0.409392
0.397610
0.377673
0.353046
0.327898
0.304785
0.284661
0.267537
0.253024
0.240633
0.229912
0.220488
0.212064
0.204415
0.197370
0.190798
0.184603
0.178713
0.173071
0.167636
0.162376
0.157267
0.152287
0.147422
0.142658
0.137985
0.133393
0.128872
0.124416
0.120017
0.115667
0.111361
0.107090
0.102849
0.098631
0.094429
0.090235
0.086043
0.081845
0.077633
0.073400
0.069138
0.064839
0.060495
0.056100
0.051647
0.047134
0.042560
0.037930
0.033259
0.028572
0.023912
0.019340
0.014945
0.010841
0.007170
0.004096
0.001783
0.000381
0.000000
0.000761
-0.000761
0.500000
0.500000
0.499457
0.498243
0.496297
0.493623
0.490278
0.486365
0.482024
0.477419
0.472734
0.468162
0.463900
0.460137
0.457049
0.454790
0.453475
0.453160
0.453805
0.455219
0.456967
0.458260
0.457843
0.454023
0.445067
0.430245
0.411016
0.389762
0.368518
0.348536
0.330372
0.314126
0.299663
0.286749
0.275136
0.264591
0.254916
0.245947
0.237554
0.229632
0.222098
0.214889
0.207954
0.201253
0.194755
0.188433
0.182267
0.176240
0.170336
0.164544
0.158852
0.153249
0.147726
0.142274
0.136884
0.131548
0.126258
0.121004
0.115778
0.110573
0.105379
0.100186
0.094986
0.089770
0.084528
0.079250
0.073928
0.068554
0.063120
0.057623
0.052063
0.046447
0.040790
0.035124
0.029495
0.023975
0.018661
0.013681
0.009192
0.005374
0.002426
0.000556
0.000000
0.001113
-0.001113
0.500000
0.500000
0.499754
0.499095
0.497924
0.496217
0.494010
0.491389
0.488480
0.485440
0.482446
0.479685
0.477346
0.475607
0.474625
0.474521
0.475361
0.477132
0.479704
0.482780
0.485844
0.488111
0.488519
0.485851
0.479055
0.467757
0.452642
0.435059
0.416422
0.397846
0.380041
0.363371
0.347953
0.333760
0.320690
0.308608
0.297380
0.286877
0.276989
0.267621
0.258695
0.250146
0.241921
0.233977
0.226279
0.218797
0.211507
0.204389
0.197425
0.190600
0.183901
0.177314
0.170830
0.164436
0.158123
0.151882
0.145701
0.139572
0.133484
0.127428
0.121394
0.115371
0.109348
0.103316
0.097263
0.091178
0.085052
0.078874
0.072638
0.066339
0.059977
0.053558
0.047102
0.040639
0.034221
0.027922
0.021847
0.016131
0.010942
0.006480
0.002975
0.000700
0.000000
0.001399
-0.001399
0.500000
0.500000
0.500010
0.499826
0.499321
0.498442
0.497203
0.495669
0.493952
0.492193
0.490555
0.489211
0.488332
0.488075
0.488567
0.489892
0.492069
0.495029
0.498584
0.502395
0.505949
0.508549
0.509353
0.507493
0.502285
0.493485
0.481429
0.466898
0.450835
0.434110
0.417395
0.401141
0.385604
0.370900
0.357048
0.344013
0.331729
0.320119
0.309107
0.298620
0.288591
0.278965
0.269692
0.260730
0.252043
0.243603
0.235383
0.227361
0.219518
0.211837
0.204304
0.196904
0.189624
0.182454
0.175381
0.168395
0.161484
0.154638
0.147846
0.141098
0.134381
0.127685
0.120998
0.114308
0.107603
0.100871
0.094101
0.087282
0.080407
0.073469
0.066467
0.059410
0.052314
0.045212
0.038157
0.031225
0.024524
0.018194
0.012415
0.007404
0.003427
0.000813
0.000000
0.001626
-0.001626
0.500000
0.500000
0.500221
0.500432
0.500478
0.500282
0.499833
0.499179
0.498410
0.497648
0.497038
0.496733
0.496880
0.497611
0.499024
0.501169
0.504027
0.507496
0.511364
0.515296
0.518827
0.521374
0.522283
0.520924
0.516821
0.509785
0.499977
0.487858
0.474050
0.459197
0.443863
0.428487
0.413379
0.398730
0.384644
0.371163
0.358284
0.345982
0.334215
0.322940
0.312110
0.301680
0.291611
0.281865
0.272411
0.263221
0.254268
0.245532
0.236994
0.228634
0.220439
0.212393
0.204483
0.196697
0.189022
0.181446
0.173959
0.166549
0.159203
0.151911
0.144660
0.137438
0.130233
0.123032
0.115821
0.108587
0.101319
0.094005
0.086635
0.079202
0.071706
0.064151
0.056554
0.048949
0.041387
0.033945
0.026734
0.019899
0.013629
0.008160
0.003790
0.000901
0.000000
0.001802
-0.001802
0.500000
0.500000
0.500389
0.500914
0.501398
0.501741
0.501912
0.501935
0.501880
0.501849
0.501964
0.502357
0.503151
0.504452
0.506331
0.508812
0.511856
0.515343
0.519066
0.522719
0.525900
0.528137
0.528925
0.527795
0.524398
0.518573
0.510390
0.500121
0.488177
0.475022
0.461103
0.446807
0.432438
0.418220
0.404303
0.390777
0.377690
0.365058
0.352874
0.341121
0.329775
0.318805
0.308184
0.297883
0.287876
0.278137
0.268644
0.259377
0.250318
0.241449
0.232755
0.224222
0.215836
0.207585
0.199455
0.191436
0.183515
0.175679
0.167918
0.160219
0.152569
0.144955
0.137364
0.129783
0.122197
0.114592
0.106955
0.099274
0.091536
0.083735
0.075867
0.067936
0.059958
0.051965
0.044006
0.036160
0.028538
0.021291
0.014617
0.008771
0.004080
0.000969
0.000000
0.001939
-0.001939
0.500000
0.500000
0.500515
0.501279
0.502095
0.502844
0.503473
0.503987
0.504434
0.504895
0.505471
0.506270
0.507395
0.508927
0.510919
0.513376
0.516247
0.519416
0.522691
0.525805
0.528428
0.530179
0.530668
0.529541
0.526529
0.521494
0.514453
0.505569
0.495110
0.483407
0.470805
0.457623
0.444137
0.430569
0.417086
0.403807
0.390810
0.378142
0.365824
0.353862
0.342253
0.330981
0.320031
0.309383
0.299019
0.288917
0.279061
0.269431
0.260013
0.250789
0.241746
0.232871
0.224149
0.215569
0.207118
0.198784
0.190556
0.182421
0.174367
0.166381
0.158452
0.150564
0.142704
0.134858
0.127012
0.119149
0.111256
0.103318
0.095322
0.087260
0.079126
0.070923
0.062664
0.054378
0.046116
0.037954
0.030005
0.022424
0.015420
0.009265
0.004313
0.001023
0.000000
0.002046
-0.002046
0.500000
0.500000
0.500606
0.501540
0.502591
0.503624
0.504568
0.505408
0.506172
0.506921
0.507736
0.508704
0.509907
0.511412
0.513253
0.515428
0.517884
0.520513
0.523150
0.525570
0.527504
0.528653
0.528712
0.527410
0.524534
0.519968
0.513700
0.505823
0.496514
0.486007
0.474562
0.462434
0.449861
0.437046
0.424153
0.411312
0.398617
0.386133
0.373904
0.361952
0.350289
0.338916
0.327828
0.317015
0.306465
0.296165
0.286100
0.276256
0.266620
0.257178
0.247917
0.238825
0.229890
0.221100
0.212444
0.203909
0.195485
0.187158
0.178918
0.170751
0.162645
0.154585
0.146557
0.138546
0.130536
0.122512
0.114458
0.106358
0.098197
0.089965
0.081654
0.073265
0.064808
0.056310
0.047820
0.039414
0.031205
0.023356
0.016082
0.009672
0.004503
0.001067
0.000000
0.002134
-0.002134
0.500000
0.500000
0.500664
0.501709
0.502913
0.504126
0.505260
0.506285
0.507210
0.508079
0.508953
0.509903
0.510995
0.512281
0.513787
0.515507
0.517392
0.519349
0.521239
0.522880
0.524056
0.524533
0.524073
0.522465
0.519544
0.515206
0.509429
0.502261
0.493820
0.484270
0.473804
0.462624
0.450924
0.438883
0.426652
0.414358
0.402100
0.389954
0.377973
0.366196
0.354644
0.343330
0.332260
0.321431
0.310839
0.300476
0.290334
0.280401
0.270667
0.261122
0.251755
0.242554
0.233510
0.224612
0.215848
0.207208
0.198681
0.190255
0.181918
0.173658
0.165462
0.157315
0.149203
0.141110
0.133021
0.124917
0.116782
0.108599
0.100351
0.092025
0.083611
0.075106
0.066520
0.057875
0.049218
0.040626
0.032212
0.024143
0.016644
0.010019
0.004667
0.001105
0.000000
0.002210
-0.002210
0.500000
0.500000
0.500697
0.501804
0.503090
0.504394
0.505617
0.506710
0.507670
0.508523
0.509317
0.510108
0.510950
0.511884
0.512934
0.514090
0.515315
0.516530
0.517625
0.518453
0.518845
0.518617
0.517587
0.515589
0.512491
0.508209
0.502711
0.496023
0.488220
0.479417
0.469757
0.459397
0.448493
0.437195
0.425637
0.413937
0.402191
0.390476
0.378852
0.367363
0.356042
0.344908
0.333974
0.323246
0.312725
0.302410
0.292296
0.282376
0.272643
0.263090
0.253707
0.244487
0.235419
0.226495
0.217705
0.209038
0.200486
0.192036
0.183676
0.175396
0.167182
0.159019
0.150893
0.142788
0.134687
0.126571
0.118423
0.110222
0.101951
0.093594
0.085139
0.076578
0.067918
0.059180
0.050406
0.041672
0.033094
0.024841
0.017148
0.010333
0.004816
0.001140
0.000000
0.002280
-0.002280
0.500000
0.500000
0.500709
0.501838
0.503150
0.504476
0.505703
0.506773
0.507669
0.508403
0.509012
0.509541
0.510036
0.510532
0.511049
0.511583
0.512106
0.512556
0.512846
0.512863
0.512475
0.511541
0.509919
0.507481
0.504123
0.499774
0.494402
0.488018
0.480670
0.472438
0.463428
0.453758
0.443554
0.432939
0.422028
0.410923
0.399715
0.388478
0.377272
0.366146
0.355134
0.344263
0.333552
0.323011
0.312647
0.302464
0.292459
0.282632
0.272978
0.263491
0.254166
0.244996
0.235973
0.227090
0.218339
0.209710
0.201194
0.192781
0.184459
0.176218
0.168044
0.159924
0.151842
0.143781
0.135725
0.127654
0.119547
0.111384
0.103145
0.094810
0.086364
0.077796
0.069109
0.060320
0.051468
0.042626
0.033913
0.025499
0.017631
0.010639
0.004964
0.001176
0.000000
0.002352
-0.002352
0.500000
0.500000
0.500705
0.501826
0.503122
0.504414
0.505583
0.506559
0.507314
0.507853
0.508201
0.508397
0.508480
0.508484
0.508429
0.508317
0.508127
0.507817
0.507321
0.506552
0.505411
0.503788
0.501577
0.498678
0.495008
0.490511
0.485156
0.478945
0.471909
0.464104
0.455606
0.446507
0.436904
0.426896
0.416579
0.406043
0.395367
0.384620
0.373859
0.363132
0.352477
0.341923
0.331491
0.321196
0.311050
0.301059
0.291225
0.281550
0.272033
0.262670
0.253459
0.244394
0.235470
0.226681
0.218019
0.209478
0.201048
0.192720
0.184485
0.176331
0.168245
0.160214
0.152223
0.144254
0.136290
0.128310
0.120292
0.112214
0.104052
0.095785
0.087392
0.078859
0.070184
0.061379
0.052479
0.043557
0.034727
0.026166
0.018128
0.010959
0.005122
0.001215
0.000000
0.002430
-0.002430
0.500000
0.500000
0.500691
0.501783
0.503031
0.504251
0.505314
0.506144
0.506704
0.506991
0.507026
0.506841
0.506473
0.505956
0.505312
0.504550
0.503659
0.502613
0.501363
0.499847
0.497990
0.495711
0.492928
0.489566
0.485559
0.480862
0.475449
0.469317
0.462484
0.454989
0.446889
0.438252
0.429153
0.419673
0.409889
0.399876
0.389704
0.379434
0.369120
0.358805
0.348527
0.338317
0.328198
0.318187
0.308298
0.298540
0.288919
0.279439
0.270102
0.260906
0.251850
0.242932
0.234147
0.225492
0.216960
0.208545
0.200240
0.192037
0.183926
0.175897
0.167938
0.160035
0.152173
0.144336
0.136503
0.128654
0.120766
0.112813
0.104770
0.096609
0.088309
0.079849
0.071220
0.062429
0.053508
0.044523
0.035589
0.026884
0.018672
0.011315
0.005300
0.001261
0.000000
0.002521
-0.002521
0.500000
0.500000
0.500671
0.501721
0.502902
0.504022
0.504947
0.505594
0.505920
0.505918
0.505604
0.505008
0.504167
0.503115
0.501880
0.500478
0.498910
0.497159
0.495196
0.492977
0.490449
0.487551
0.484224
0.480409
0.476056
0.471131
0.465609
0.459486
0.452773
0.445498
0.437700
0.429432
0.420751
0.411720
0.402403
0.392861
0.383153
0.373332
0.363447
0.353538
0.343640
0.333784
0.323992
0.314285
0.304676
0.295178
0.285797
0.276541
0.267413
0.258413
0.249543
0.240802
0.232188
0.223696
0.215324
0.207067
0.198917
0.190868
0.182912
0.175039
0.167237
0.159494
0.151795
0.144121
0.136454
0.128772
0.121049
0.113258
0.105370
0.097354
0.089183
0.080830
0.072280
0.063533
0.054612
0.045580
0.036548
0.027696
0.019297
0.011729
0.005511
0.001315
0.000000
0.002631
-0.002631
0.500000
0.500000
0.500649
0.501652
0.502754
0.503759
0.504527
0.504968
0.505035
0.504719
0.504032
0.503006
0.501679
0.500090
0.498271
0.496245
0.494024
0.491604
0.488969
0.486093
0.482937
0.479461
0.475619
0.471369
0.466673
0.461503
0.455841
0.449679
0.443025
0.435898
0.428326
0.420347
0.412007
0.403354
0.394439
0.385312
0.376022
0.366615
0.357132
0.347610
0.338082
0.328576
0.319114
0.309717
0.300399
0.291173
0.282050
0.273035
0.264135
0.255352
0.246689
0.238147
0.229724
0.221419
0.213230
0.205152
0.197181
0.189311
0.181534
0.173841
0.166223
0.158666
0.151156
0.143675
0.136205
0.128720
0.121196
0.113601
0.105904
0.098070
0.090064
0.081854
0.073416
0.064741
0.055844
0.046778
0.037651
0.028643
0.020034
0.012225
0.005766
0.001383
0.000000
0.002765
-0.002765
0.500000
0.500000
0.500629
0.501585
0.502608
0.503493
0.504094
0.504315
0.504108
0.503460
0.502386
0.500919
0.499100
0.496973
0.494578
0.491946
0.489097
0.486041
0.482773
0.479280
0.475538
0.471520
0.467195
0.462531
0.457500
0.452080
0.446256
0.440022
0.433382
0.426347
0.418939
0.411186
0.403121
0.394782
0.386209
0.377443
0.368524
0.359491
0.350378
0.341218
0.332041
0.322872
0.313733
0.304643
0.295617
0.286669
0.277809
0.269046
0.260385
0.251832
0.243390
0.235061
0.226845
0.218743
0.210753
0.202872
0.195098
0.187424
0.179846
0.172354
0.164940
0.157593
0.150296
0.143035
0.135788
0.128531
0.121237
0.113873
0.106403
0.098787
0.090985
0.082956
0.074666
0.066095
0.057246
0.048163
0.038943
0.029766
0.020919
0.012826
0.006079
0.001466
0.000000
0.002933
-0.002933
0.500000
0.500000
0.500614
0.501532
0.502481
0.503249
0.503681
0.503677
0.503187
0.502197
0.500724
0.498806
0.496490
0.493825
0.490861
0.487636
0.484182
0.480516
0.476647
0.472573
0.468281
0.463755
0.458974
0.453916
0.448560
0.442890
0.436894
0.430565
0.423904
0.416920
0.409626
0.402045
0.394199
0.386120
0.377836
0.369382
0.360789
0.352089
0.343312
0.334486
0.325637
0.316787
0.307958
0.299166
0.290428
0.281756
0.273160
0.264651
0.256235
0.247918
0.239705
0.231598
0.223600
0.215712
0.207933
0.200262
0.192698
0.185236
0.177871
0.170598
0.163406
0.156287
0.149226
0.142207
0.135209
0.128209
0.121176
0.114077
0.106872
0.099515
0.091958
0.084152
0.076052
0.067623
0.058855
0.049773
0.040466
0.031107
0.021990
0.013562
0.006467
0.001572
0.000000
0.003144
-0.003144
0.500000
0.500000
0.500609
0.501501
0.502390
0.503050
0.503318
0.503089
0.502309
0.500967
0.499085
0.496705
0.493882
0.490677
0.487145
0.483335
0.479289
0.475035
0.470591
0.465962
0.461149
0.456143
0.450930
0.445497
0.439828
0.433911
0.427735
0.421294
0.414589
0.407622
0.400406
0.392952
0.385281
0.377413
0.369373
0.361185
0.352876
0.344472
0.335997
0.327475
0.318929
0.310379
0.301843
0.293337
0.284876
0.276473
0.268139
0.259883
0.251712
0.243634
0.235653
0.227773
0.219999
0.212331
0.204772
0.197320
0.189976
0.182737
0.175598
0.168556
0.161603
0.154729
0.147922
0.141167
0.134444
0.127727
0.120988
0.114189
0.107288
0.100233
0.092970
0.085437
0.077577
0.069337
0.060689
0.051638
0.042256
0.032705
0.023283
0.014464
0.006948
0.001705
0.000000
0.003409
-0.003409
0.500000
0.500000
0.500616
0.501502
0.502350
0.502918
0.503029
0.502574
0.501498
0.499792
0.497484
0.494626
0.491284
0.487526
0.483420
0.479026
0.474394
0.469563
0.464559
0.459397
0.454084
0.448619
0.442995
0.437202
0.431231
0.425069
0.418710
0.412147
0.405379
0.398406
0.391235
0.383875
0.376340
0.368645
0.360807
0.352847
0.344785
0.336641
0.328436
0.320190
0.311922
0.303649
0.295387
0.287152
0.278957
0.270814
0.262733
0.254725
0.246796
0.238955
0.231207
0.223556
0.216008
0.208565
0.201230
0.194003
0.186886
0.179877
0.172974
0.166174
0.159471
0.152857
0.146322
0.139851
0.133425
0.127020
0.120606
0.114145
0.107590
0.100887
0.093970
0.086769
0.079209
0.071219
0.062746
0.053771
0.044338
0.034595
0.024836
0.015562
0.007544
0.001873
0.000000
0.003745
-0.003745
0.500000
0.500000
0.500641
0.501544
0.502374
0.502866
0.502829
0.502145
0.500760
0.498670
0.495912
0.492550
0.488662
0.484330
0.479634
0.474645
0.469424
0.464019
0.458463
0.452780
0.446982
0.441074
0.435052
0.428913
0.422647
0.416246
0.409702
0.403009
0.396163
0.389165
0.382016
0.374722
0.367291
0.359735
0.352066
0.344299
0.336450
0.328535
0.320570
0.312572
0.304556
0.296537
0.288531
0.280550
0.272606
0.264710
0.256874
0.249105
0.241413
0.233804
0.226285
0.218862
0.211540
0.204322
0.197212
0.190213
0.183326
0.176553
0.169892
0.163342
0.156900
0.150558
0.144309
0.138140
0.132033
0.125967
0.119910
0.113825
0.107663
0.101364
0.094856
0.088055
0.080871
0.073208
0.064985
0.056150
0.046713
0.036793
0.026677
0.016889
0.008277
0.002083
0.000000
0.004167
-0.004167
0.500000
0.500000
0.500685
0.501634
0.502472
0.502903
0.502719
0.501793
0.500074
0.497565
0.494318
0.490410
0.485936
0.480994
0.475678
0.470073
0.464249
0.458262
0.452154
0.445954
0.439680
0.433338
0.426930
0.420453
0.413899
0.407261
0.400532
0.393703
0.386770
0.379730
0.372583
0.365331
0.357979
0.350534
0.343004
0.335400
0.327734
0.320017
0.312264
0.304487
0.296699
0.288913
0.281141
0.273395
0.265686
0.258024
0.250419
0.242880
0.235415
0.228031
0.220736
0.213535
0.206434
0.199439
0.192553
0.185781
0.179125
0.172589
0.166174
0.159878
0.153702
0.147642
0.141691
0.135839
0.130072
0.124370
0.118703
0.113034
0.107313
0.101478
0.095448
0.089129
0.082411
0.075174
0.067302
0.058702
0.049338
0.039289
0.028817
0.018466
0.009167
0.002347
0.000000
0.004694
-0.004694
0.500000
0.500000
0.500752
0.501776
0.502642
0.503018
0.502674
0.501476
0.499375
0.496390
0.492589
0.488072
0.482952
0.477347
0.471367
0.465109
0.458656
0.452071
0.445403
0.438684
0.431935
0.425165
0.418378
0.411569
0.404733
0.397860
0.390944
0.383974
0.376945
0.369851
0.362689
0.355459
0.348163
0.340803
0.333385
0.325916
0.318404
0.310859
0.303290
0.295708
0.288123
0.280546
0.272987
0.265456
0.257964
0.250519
0.243131
0.235808
0.228558
0.221388
0.214307
0.207320
0.200434
0.193654
0.186987
0.180438
0.174010
0.167709
0.161538
0.155499
0.149592
0.143818
0.138174
0.132652
0.127241
0.121925
0.116678
0.111465
0.106237
0.100929
0.095457
0.089714
0.083574
0.076888
0.069501
0.061270
0.052102
0.042015
0.031231
0.020296
0.010229
0.002671
0.000000
0.005343
-0.005343
0.500000
0.500000
0.500843
0.501965
0.502869
0.503176
0.502631
0.501095
0.498531
0.494976
0.490525
0.485303
0.479451
0.473107
0.466400
0.459441
0.452321
0.445114
0.437869
0.430623
0.423397
0.416201
0.409037
0.401901
0.394785
0.387679
0.380574
0.373458
0.366324
0.359163
0.351971
0.344745
0.337482
0.330184
0.322852
0.315492
0.308108
0.300706
0.293295
0.285881
0.278473
0.271080
0.263710
0.256373
0.249076
0.241829
0.234639
0.227515
0.220465
0.213496
0.206615
0.199829
0.193146
0.186573
0.180115
0.173779
0.167573
0.161500
0.155568
0.149781
0.144142
0.138656
0.133321
0.128137
0.123095
0.118185
0.113386
0.108667
0.103982
0.099269
0.094440
0.089382
0.083951
0.077972
0.071246
0.063573
0.054785
0.044820
0.033833
0.022348
0.011464
0.003065
0.000000
0.006129
-0.006129
0.500000
0.500000
0.500952
0.502183
0.503108
0.503293
0.502458
0.500467
0.497302
0.493032
0.487788
0.481728
0.475024
0.467839
0.460323
0.452598
0.444766
0.436902
0.429060
0.421275
0.413567
0.405944
0.398405
0.390943
0.383548
0.376208
0.368910
0.361642
0.354393
0.347153
0.339915
0.332672
0.325422
0.318161
0.310891
0.303612
0.296327
0.289041
0.281758
0.274484
0.267225
0.259989
0.252783
0.245613
0.238488
0.231416
0.224403
0.217457
0.210587
0.203798
0.197100
0.190500
0.184004
0.177621
0.171358
0.165224
0.159225
0.153370
0.147666
0.142122
0.136744
0.131540
0.126513
0.121668
0.117002
0.112512
0.108183
0.103992
0.099900
0.095849
0.091756
0.087503
0.082934
0.077850
0.072010
0.065148
0.057007
0.047423
0.036443
0.024535
0.012848
0.003529
0.000000
0.007059
-0.007059
0.500000
0.500000
0.501069
0.502389
0.503268
0.503209
0.501918
0.499272
0.495291
0.490090
0.483846
0.476765
0.469051
0.460897
0.452469
0.443901
0.435300
0.426743
0.418280
0.409942
0.401746
0.393693
0.385779
0.377992
0.370317
0.362741
0.355246
0.347817
0.340442
0.333108
0.325805
0.318525
0.311263
0.304015
0.296778
0.289551
0.282335
0.275133
0.267948
0.260782
0.253642
0.246533
0.239460
0.232429
0.225447
0.218522
0.211659
0.204867
0.198151
0.191521
0.184983
0.178545
0.172216
0.166003
0.159916
0.153963
0.148154
0.142499
0.137008
0.131691
0.126560
0.121626
0.116898
0.112386
0.108096
0.104031
0.100187
0.096551
0.093096
0.089773
0.086508
0.083189
0.079654
0.075688
0.071010
0.065289
0.058170
0.049352
0.038738
0.026675
0.014316
0.004061
0.000000
0.008123
-0.008123
0.500000
0.500000
0.501169
0.502503
0.503180
0.502649
0.500615
0.496996
0.491871
0.485427
0.477903
0.469557
0.460635
0.451353
0.441894
0.432397
0.422969
0.413679
0.404573
0.395672
0.386983
0.378500
0.370211
0.362098
0.354143
0.346325
0.338625
0.331026
0.323510
0.316063
0.308675
0.301335
0.294035
0.286770
0.279535
0.272328
0.265148
0.257996
0.250874
0.243782
0.236726
0.229708
0.222734
0.215809
0.208938
0.202127
0.195384
0.188714
0.182124
0.175623
0.169217
0.162915
0.156726
0.150657
0.144720
0.138924
0.133281
0.127802
0.122501
0.117390
0.112485
0.107801
0.103355
0.099162
0.095237
0.091593
0.088238
0.085174
0.082388
0.079850
0.077501
0.075245
0.072928
0.070330
0.067144
0.062980
0.057377
0.049880
0.040190
0.028455
0.015738
0.004643
0.000000
0.009286
-0.009286
0.500000
0.500000
0.501206
0.502379
0.502561
0.501161
0.497920
0.492840
0.486100
0.477982
0.468806
0.458890
0.448518
0.437929
0.427310
0.416799
0.406488
0.396437
0.386672
0.377204
0.368023
0.359114
0.350454
0.342018
0.333780
0.325716
0.317802
0.310017
0.302344
0.294765
0.287267
0.279838
0.272471
0.265156
0.257890
0.250667
0.243487
0.236347
0.229249
0.222193
0.215181
0.208217
0.201304
0.194447
0.187649
0.180918
0.174257
0.167675
0.161177
0.154771
0.148465
0.142267
0.136185
0.130230
0.124413
0.118744
0.113237
0.107905
0.102764
0.097831
0.093123
0.088663
0.084472
0.080573
0.076991
0.073751
0.070876
0.068384
0.066285
0.064572
0.063213
0.062139
0.061222
0.060257
0.058935
0.056823
0.053368
0.047942
0.039994
0.029369
0.016890
0.005237
0.000000
0.010474
-0.010474
0.500000
0.500000
0.501101
0.501782
0.500952
0.498035
0.492875
0.485624
0.476613
0.466252
0.454957
0.443108
0.431019
0.418935
0.407035
0.395436
0.384207
0.373381
0.362961
0.352935
0.343277
0.333955
0.324933
0.316180
0.307660
0.299346
0.291209
0.283226
0.275376
0.267642
0.260008
0.252462
0.244995
0.237597
0.230263
0.222987
0.215767
0.208600
0.201485
0.194424
0.187416
0.180465
0.173573
0.166742
0.159979
0.153287
0.146672
0.140139
0.133696
0.127349
0.121106
0.114976
0.108968
0.103092
0.097360
0.091785
0.086380
0.081161
0.076146
0.071355
0.066811
0.062539
0.058567
0.054928
0.051656
0.048790
0.046368
0.044430
0.043011
0.042137
0.041813
0.042014
0.042659
0.043583
0.044510
0.045004
0.044449
0.042056
0.036980
0.028640
0.017405
0.005773
0.000000
0.011547
-0.011547
0.500000
0.500000
0.500725
0.500328
0.497640
0.492198
0.484072
0.473661
0.461513
0.448200
0.434242
0.420063
0.405989
0.392245
0.378973
0.366251
0.354103
0.342524
0.331481
0.320933
0.310830
0.301123
0.291763
0.282707
0.273914
0.265350
0.256985
0.248792
0.240750
0.232841
0.225047
0.217357
0.209759
0.202246
0.194809
0.187444
0.180146
0.172914
0.165744
0.158638
0.151595
0.144617
0.137706
0.130864
0.124096
0.117405
0.110797
0.104277
0.097851
0.091527
0.085313
0.079216
0.073246
0.067415
0.061735
0.056217
0.050880
0.045738
0.040813
0.036128
0.031708
0.027583
0.023790
0.020366
0.017359
0.014819
0.012804
0.011377
0.010602
0.010545
0.011260
0.012780
0.015093
0.018116
0.021646
0.025306
0.028479
0.030266
0.029525
0.025129
0.016703
0.006130
0.000000
0.012261
-0.012261
0.500000
0.500000
0.499869
0.497422
0.491538
0.482073
0.469510
0.454633
0.438280
0.421203
0.404004
0.387123
0.370848
0.355343
0.340682
0.326868
0.313863
0.301604
0.290016
0.279017
0.268534
0.258496
0.248840
0.239513
0.230469
0.221670
0.213083
0.204680
0.196440
0.188344
0.180376
0.172522
0.164773
0.157120
0.149555
0.142073
0.134670
0.127342
0.120087
0.112905
0.105796
0.098759
0.091798
0.084913
0.078109
0.071389
0.064758
0.058221
0.051783
0.045453
0.039237
0.033145
0.027185
0.021370
0.015710
0.010222
0.004920
-0.000176
-0.005044
-0.009661
-0.013995
-0.018014
-0.021676
-0.024934
-0.027732
-0.030006
-0.031679
-0.032665
-0.032867
-0.032176
-0.030480
-0.027675
-0.023674
-0.018448
-0.012066
-0.004767
0.002935
0.010139
0.015476
0.017214
0.013892
0.006096
0.000000
0.012192
-0.012192
0.500000
0.500000
0.498203
0.492136
0.481021
0.465394
0.446443
0.425500
0.403744
0.382085
0.361147
0.341308
0.322750
0.305521
0.289574
0.274809
0.261101
0.248314
0.236319
0.224996
0.214240
0.203961
0.194084
0.184548
0.175302
0.166306
0.157526
0.148936
0.140514
0.132242
0.124105
0.116091
0.108191
0.100395
0.092697
0.085091
0.077573
0.070140
0.062790
0.055521
0.048333
0.041226
0.034201
0.027262
0.020409
0.013647
0.006980
0.000412
-0.006050
-0.012399
-0.018629
-0.024731
-0.030694
-0.036509
-0.042162
-0.047639
-0.052923
-0.057994
-0.062830
-0.067404
-0.071685
-0.075634
-0.079207
-0.082350
-0.084999
-0.087078
-0.088494
-0.089136
-0.088877
-0.087563
-0.085023
-0.081066
-0.075496
-0.068132
-0.058852
-0.047667
-0.034846
-0.021106
-0.007849
0.002664
0.007602
0.005287
0.000000
0.010574
-0.010574
0.500000
0.500000
0.495195
0.483020
0.463668
0.438986
0.411259
0.382509
0.354228
0.327372
0.302456
0.279673
0.259006
0.240308
0.223368
0.207948
0.193815
0.180755
0.168579
0.157126
0.146266
0.135892
0.125918
0.116280
0.106924
0.097812
0.088911
0.080196
0.071648
0.063252
0.054993
0.046861
0.038848
0.030946
0.023148
0.015450
0.007848
0.000337
-0.007082
-0.014413
-0.021656
-0.028811
-0.035876
-0.042850
-0.049731
-0.056515
-0.063198
-0.069777
-0.076245
-0.082596
-0.088824
-0.094919
-0.100872
-0.106673
-0.112309
-0.117766
-0.123026
-0.128071
-0.132876
-0.137415
-0.141655
-0.145556
-0.149070
-0.152142
-0.154699
-0.156657
-0.157911
-0.158331
-0.157762
-0.156011
-0.152850
-0.148005
-0.141161
-0.131968
-0.120068
-0.105156
-0.087101
-0.066179
-0.043472
-0.021421
-0.004253
0.002982
0.000000
0.005965
-0.005965
0.500000
0.500000
0.489936
0.467729
0.435870
0.398534
0.359515
0.321496
0.286062
0.253957
0.225364
0.200130
0.177923
0.158334
0.140947
0.125367
0.111249
0.098298
0.086273
0.074980
0.064267
0.054018
0.044145
0.034582
0.025279
0.016199
0.007316
-0.001393
-0.009942
-0.018346
-0.026614
-0.034755
-0.042776
-0.050685
-0.058484
-0.066180
-0.073776
-0.081274
-0.088676
-0.095985
-0.103200
-0.110321
-0.117347
-0.124278
-0.131111
-0.137843
-0.144471
-0.150990
-0.157395
-0.163681
-0.169841
-0.175867
-0.181750
-0.187479
-0.193044
-0.198430
-0.203620
-0.208596
-0.213336
-0.217812
-0.221992
-0.225837
-0.229299
-0.232319
-0.234826
-0.236729
-0.237918
-0.238251
-0.237555
-0.235610
-0.232143
-0.226812
-0.219197
-0.208788
-0.194982
-0.177109
-0.154509
-0.126750
-0.094091
-0.058421
-0.024740
-0.002232
0.000000
-0.004463
0.004463
0.500000
0.500000
0.480703
0.442240
0.392230
0.338526
0.286463
0.238879
0.196886
0.160577
0.129518
0.103041
0.080410
0.060923
0.043946
0.028940
0.015463
0.003157
-0.008255
-0.018983
-0.029188
-0.038984
-0.048455
-0.057663
-0.066648
-0.075441
-0.084064
-0.092531
-0.100855
-0.109043
-0.117105
-0.125046
-0.132870
-0.140583
-0.148189
-0.155692
-0.163093
-0.170395
-0.177600
-0.184710
-0.191724
-0.198642
-0.205464
-0.212189
-0.218814
-0.225338
-0.231757
-0.238066
-0.244262
-0.250340
-0.256293
-0.262114
-0.267795
-0.273328
-0.278700
-0.283899
-0.288911
-0.293718
-0.298299
-0.302630
-0.306680
-0.310412
-0.313782
-0.316734
-0.319197
-0.321086
-0.322289
-0.322667
-0.322042
-0.320186
-0.316804
-0.311520
-0.303847
-0.293161
-0.278664
-0.259355
-0.234030
-0.201375
-0.160334
-0.111159
-0.057916
-0.013100
0.000000
-0.026200
0.026200
0.500000
0.500000
0.463553
0.399086
0.324884
0.253039
0.188998
0.134303
0.088637
0.050937
0.019922
-0.005661
-0.026938
-0.044866
-0.060235
-0.073677
-0.085687
-0.096641
-0.106820
-0.116431
-0.125620
-0.134490
-0.143111
-0.151530
-0.159780
-0.167879
-0.175842
-0.183677
-0.191392
-0.198990
-0.206476
-0.213854
-0.221126
-0.228296
-0.235365
-0.242337
-0.249214
-0.255997
-0.262687
-0.269285
-0.275792
-0.282207
-0.288530
-0.294759
-0.300893
-0.306930
-0.312866
-0.318699
-0.324425
-0.330040
-0.335537
-0.340912
-0.346157
-0.351264
-0.356224
-0.361026
-0.365659
-0.370106
-0.374350
-0.378370
-0.382141
-0.385629
-0.388797
-0.391596
-0.393965
-0.395826
-0.397082
-0.397606
-0.397235
-0.395757
-0.392893
-0.388277
-0.381423
-0.371681
-0.358180
-0.339742
-0.314789
-0.281251
-0.236612
-0.178513
-0.107341
-0.034457
0.000000
-0.068914
0.068914
0.500000
0.500000
0.427081
0.323554
0.224170
0.139902
0.071649
0.017344
-0.025583
-0.059496
-0.086396
-0.107922
-0.125391
-0.139842
-0.152081
-0.162723
-0.172226
-0.180926
-0.189065
-0.196809
-0.204273
-0.211533
-0.218635
-0.225611
-0.232477
-0.239243
-0.245915
-0.252494
-0.258983
-0.265382
-0.271693
-0.277917
-0.284055
-0.290109
-0.296079
-0.301968
-0.307776
-0.313504
-0.319153
-0.324723
-0.330215
-0.335628
-0.340962
-0.346214
-0.351385
-0.356473
-0.361474
-0.366387
-0.371209
-0.375936
-0.380563
-0.385088
-0.389504
-0.393805
-0.397984
-0.402034
-0.405944
-0.409705
-0.413302
-0.416719
-0.419938
-0.422934
-0.425679
-0.428135
-0.430257
-0.431986
-0.433246
-0.433940
-0.433941
-0.433081
-0.431139
-0.427817
-0.422715
-0.415281
-0.404751
-0.390044
-0.369609
-0.341183
-0.301456
-0.245754
-0.168737
-0.071817
0.000000
-0.143635
0.143635
0.500000
0.500000
0.330110
0.189543
0.089250
0.017450
-0.035089
-0.074187
-0.103613
-0.125963
-0.143120
-0.156484
-0.167106
-0.175773
-0.183067
-0.189416
-0.195124
-0.200407
-0.205409
-0.210229
-0.214927
-0.219540
-0.224090
-0.228588
-0.233037
-0.237439
-0.241793
-0.246096
-0.250349
-0.254550
-0.258697
-0.262792
-0.266833
-0.270821
-0.274757
-0.278640
-0.282471
-0.286251
-0.289979
-0.293656
-0.297282
-0.300855
-0.304376
-0.307844
-0.311257
-0.314615
-0.317917
-0.321160
-0.324344
-0.327465
-0.330522
-0.333511
-0.336431
-0.339276
-0.342045
-0.344731
-0.347330
-0.349835
-0.352240
-0.354535
-0.356711
-0.358753
-0.360647
-0.362371
-0.363901
-0.365205
-0.366241
-0.366955
-0.367275
-0.367110
-0.366334
-0.364777
-0.362211
-0.358314
-0.352632
-0.344505
-0.332946
-0.316417
-0.292397
-0.256561
-0.201183
-0.113421
0.000000
-0.226841
0.226841
0.500000
0.500000
0.000000
0.000000
0.000000
0.000000
0.000000
0.000000
0.000000
0.000000
0.000000
0.000000
0.000000
0.000000
0.000000
0.000000
0.000000
0.000000
0.000000
0.000000
0.000000
0.000000
0.000000
0.000000
0.000000
0.000000
0.000000
0.000000
0.000000
0.000000
0.000000
0.000000
0.000000
0.000000
0.000000
0.000000
0.000000
0.000000
0.000000
0.000000
0.000000
0.000000
0.000000
0.000000
0.000000
0.000000
0.000000
0.000000
0.000000
0.000000
0.000000
0.000000
0.000000
0.000000
0.000000
0.000000
0.000000
0.000000
0.000000
0.000000
0.000000
0.000000
0.000000
0.000000
0.000000
0.000000
0.000000
0.000000
0.000000
0.000000
0.000000
0.000000
0.000000
0.000000
0.000000
0.000000
0.000000
0.000000
0.000000
0.000000
0.000000
0.000000
0.000000
0.000000
0.000000
0.500000
0.500000
0.000000
0.000000
0.000000
0.000000
0.000000
0.000000
0.000000
0.000000
0.000000
0.000000
0.000000
0.000000
0.000000
0.000000
0.000000
0.000000
0.000000
0.000000
0.000000
0.000000
0.000000
0.000000
0.000000
0.000000
0.000000
0.000000
0.000000
0.000000
0.000000
0.000000
0.000000
0.000000
0.000000
0.000000
0.000000
0.000000
0.000000
0.000000
0.000000
0.000000
0.000000
0.000000
0.000000
0.000000
0.000000
0.000000
0.000000
0.000000
0.000000
0.000000
0.000000
0.000000
0.000000
0.000000
0.000000
0.000000
0.000000
0.000000
0.000000
0.000000
0.000000
0.000000
0.000000
0.000000
0.000000
0.000000
0.000000
0.000000
0.000000
0.000000
0.000000
0.000000
0.000000
0.000000
0.000000
0.000000
0.000000
0.000000
0.000000
0.000000
0.000000
0.000000
0.000000
