0.000000
0.000000
0.000000
0.000000
0.000000
0.000000
0.000000
0.000000
0.000000
0.000000
0.000000
0.000000
0.000000
0.000000
0.000000
0.000000
0.000000
0.000000
0.000000
0.000000
0.000000
0.000000
0.000000
0.000000
0.000000
0.000000
0.000000
0.000000
0.000000
0.000000
0.000000
0.000000
0.000000
0.172840
0.269352
0.424417
0.012780
0.048236
0.012783
-0.003348
-0.007666
-0.048898
-0.053992
-0.026976
0.015636
-0.002953
-0.038349
-0.038349
0.000000
0.265147
0.348766
0.459212
0.599190
0.109235
0.017477
-0.017202
-0.041826
-0.061867
-0.057407
-0.022946
-0.041172
-0.029320
-0.012587
-0.012587
0.000000
0.266126
0.318027
0.329955
0.323673
0.170888
0.084971
0.026269
-0.011055
-0.038463
-0.060530
-0.039404
-0.029195
-0.027474
-0.047427
-0.047427
0.000000
0.189188
0.227086
0.224344
0.199749
0.149352
0.105155
0.053356
0.008046
-0.017257
-0.049255
-0.054505
-0.018637
-0.018372
-0.069555
-0.069555
0.000000
0.135628
0.165453
0.165444
0.150394
0.121270
0.091588
0.050917
0.004239
-0.018554
-0.033790
-0.052264
-0.030051
-0.020472
-0.053768
-0.053768
0.000000
0.097769
0.102358
0.090984
0.089341
0.070824
0.049510
0.043329
0.020561
-0.015529
-0.022683
-0.021429
-0.018226
-0.018039
-0.039349
-0.039349
0.000000
0.041819
0.025511
0.009389
0.019352
0.019370
0.016239
0.036153
0.031867
-0.017715
-0.039021
-0.022335
-0.012073
-0.010027
-0.017265
-0.017265
0.000000
0.000000
0.000000
0.000000
0.000000
0.000000
0.000000
0.000000
0.000000
0.000000
0.000000
0.000000
0.000000
0.000000
0.000000
0.000000
0.000000
0.000000
0.000000
0.000000
0.000000
0.000000
0.000000
0.000000
0.000000
0.000000
0.000000
0.000000
0.000000
0.000000
0.000000
0.000000
