0.000000
0.000000
0.000000
0.000000
0.000000
0.000000
0.000000
0.000000
0.000000
0.000000
0.000000
0.000000
0.000000
0.000000
0.000000
0.000000
0.000000
0.000000
0.000000
0.000000
0.000000
0.000000
0.000000
0.000000
0.000000
0.000000
0.000000
0.000000
0.000000
0.000000
0.000000
0.000000
0.000000
0.172843
0.269361
0.424428
0.012788
0.048226
0.012785
-0.003355
-0.007669
-0.048885
-0.053975
-0.026966
0.015600
-0.002928
-0.038399
-0.038399
0.000000
0.265137
0.348754
0.459211
0.599205
0.109251
0.017481
-0.017210
-0.041844
-0.061841
-0.057378
-0.022978
-0.041181
-0.029546
-0.012136
-0.012136
0.000000
0.266128
0.318019
0.329951
0.323674
0.170878
0.084968
0.026287
-0.011057
-0.038465
-0.060517
-0.039424
-0.029189
-0.027511
-0.047360
-0.047360
0.000000
0.189194
0.227079
0.224350
0.199762
0.149331
0.105133
0.053380
0.008055
-0.017279
-0.049248
-0.054499
-0.018629
-0.018395
-0.069512
-0.069512
0.000000
0.135630
0.165440
0.165446
0.150415
0.121268
0.091567
0.050918
0.004243
-0.018558
-0.033780
-0.052259
-0.030046
-0.020495
-0.053719
-0.053719
0.000000
0.097778
0.102350
0.090977
0.089353
0.070839
0.049513
0.043317
0.020548
-0.015520
-0.022672
-0.021429
-0.018209
-0.018040
-0.039353
-0.039353
0.000000
0.041827
0.025511
0.009385
0.019357
0.019384
0.016250
0.036143
0.031849
-0.017706
-0.039007
-0.022323
-0.012037
-0.009950
-0.017409
-0.017409
0.000000
0.000000
0.000000
0.000000
0.000000
0.000000
0.000000
0.000000
0.000000
0.000000
0.000000
0.000000
0.000000
0.000000
0.000000
0.000000
0.000000
0.000000
0.000000
0.000000
0.000000
0.000000
0.000000
0.000000
0.000000
0.000000
0.000000
0.000000
0.000000
0.000000
0.000000
0.000000
