0.500000
0.500000
0.328603
0.096119
-0.229994
-0.334828
-0.301333
-0.341694
-0.377137
-0.377443
-0.441368
-0.454060
-0.419840
-0.376381
-0.365473
-0.387290
-0.343655
0.500000
0.500000
0.328603
0.096119
-0.229994
-0.334828
-0.301333
-0.341694
-0.377137
-0.377443
-0.441368
-0.454060
-0.419840
-0.376381
-0.365473
-0.387290
-0.343655
0.500000
0.500000
0.430049
0.346216
0.296128
-0.254546
-0.337973
-0.354540
-0.376113
-0.414606
-0.440334
-0.422107
-0.374791
-0.385833
-0.388125
-0.383542
-0.392709
0.500000
0.500000
0.505215
0.487148
0.595990
0.810942
0.707797
0.625162
0.568743
0.484025
0.451681
0.510216
0.548090
0.550391
0.548193
0.552589
0.543797
0.500000
0.500000
0.542146
0.502256
0.590224
0.710779
0.663769
0.606541
0.573431
0.499547
0.472970
0.572736
0.599343
0.593387
0.573009
0.613765
0.532252
0.500000
0.500000
0.566497
0.499174
0.559824
0.648999
0.611394
0.547642
0.524168
0.473502
0.441597
0.568221
0.632281
0.594095
0.531071
0.657120
0.405021
0.500000
0.500000
0.586519
0.499381
0.541366
0.613524
0.576162
0.501156
0.473040
0.449636
0.426386
0.550643
0.652343
0.602330
0.503304
0.701355
0.305253
0.500000
0.500000
0.581603
0.485526
0.539377
0.591050
0.550905
0.494024
0.448071
0.411913
0.419210
0.551761
0.655209
0.602439
0.485436
0.719441
0.251431
0.500000
0.500000
0.557332
0.465927
0.551755
0.591104
0.547128
0.516587
0.443176
0.359961
0.397841
0.567370
0.664298
0.604120
0.479125
0.729115
0.229134
0.500000
0.500000
0.557332
0.465927
0.551755
0.591104
0.547128
0.516587
0.443176
0.359961
0.397841
0.567370
0.664298
0.604120
0.479125
0.729115
0.244745
