   -6.000000000000000        0.5420595084851771     
   -5.940886699507389        0.5420595084851771     
   -5.881773399014778        0.5420595084851771     
   -5.822660098522167        0.5420595084851771     
   -5.763546798029557        0.5420595084851771     
   -5.704433497536946        0.5420595084851771     
   -5.645320197044335        0.5420595084851771     
   -5.586206896551724        0.5420595084851771     
   -5.527093596059113        0.5420595084851771     
   -5.467980295566503        0.5420595084851771     
   -5.408866995073891        0.5420595084851771     
   -5.349753694581281        0.5420595084851771     
   -5.290640394088670        0.5420595084851771     
   -5.231527093596059        0.5420595084851771     
   -5.172413793103448        0.5420595084851771     
   -5.113300492610837        0.5420595084851771     
   -5.054187192118227        0.5420595084851771     
   -4.995073891625616        0.5420595084851771     
   -4.935960591133005        0.5420595084851771     
   -4.876847290640394        0.5420595084851771     
   -4.817733990147783        0.5420595084851771     
   -4.758620689655173        0.5420595084851771     
   -4.699507389162561        0.5420595084851771     
   -4.640394088669951        0.5420595084851771     
   -4.581280788177340        0.5420595084851771     
   -4.522167487684730        0.5420595084851771     
   -4.463054187192118        0.5420595084851771     
   -4.403940886699507        0.5420595084851771     
   -4.344827586206897        0.5420595084851771     
   -4.285714285714286        0.5420595084851771     
   -4.226600985221675        0.5420595084851771     
   -4.167487684729064        0.5420595084851771     
   -4.108374384236454        0.5420595084851771     
   -4.049261083743843        0.5420595084851771     
   -4.049261083743843        0.5901827460185155     
   -4.049261083743843        0.6383246859879448     
   -4.049261083743843        0.6864867558185477     
   -4.049261083743843        0.7346703804507291     
   -4.049261083743843        0.7828769821661479     
   -4.049261083743843        0.8311079804142939     
   -4.049261083743843        0.8793647916398474     
   -4.049261083743843        0.9276488291108121     
   -4.049261083743843        0.9759615027474738     
   -4.049261083743843         1.024304218952232     
   -4.049261083743843         1.072678380440337     
   -4.049261083743843         1.121085386071610     
   -4.049261083743843         1.169526630683144     
   -4.049261083743843         1.218003504923040     
   -4.049261083743843         1.266517395085255     
   -4.049261083743843         1.315069682945545     
   -4.049261083743843         1.363661745598599     
   -4.049261083743843         1.412294955296358     
   -4.049261083743843         1.460970679287577     
   -4.049261083743843         1.509690279658703     
   -4.049261083743843         1.558455113176031     
   -4.049261083743843         1.607266531129257     
   -4.049261083743843         1.656125879176403     
   -4.049261083743843         1.705034497190180     
   -4.049261083743843         1.753993719105825     
   -4.049261083743843         1.803004872770455     
   -4.049261083743843         1.852069279793938     
   -4.049261083743843         1.901188255401346     
   -4.049261083743843         1.950363108287015     
   -4.049261083743843         1.999595140470237     
   -4.049261083743843         2.048885647152663     
   -4.049261083743843         2.098235916577331     
   -4.049261083743843         2.147647229889504     
   -4.049261083743843         2.197120860999235     
   -4.049261083743843         2.246658076445713     
   -4.049261083743843         2.296260135263459     
   -4.049261083743843         2.345928288850353     
   -4.049261083743843         2.395663780837530     
   -4.049261083743843         2.445467846961194     
   -4.049261083743843         2.495341714936336     
   -4.049261083743843         2.545286604332427     
   -4.049261083743843         2.595303726451066     
   -4.049261083743843         2.645394284205619     
   -4.049261083743843         2.695559472002917     
   -4.049261083743843         2.745800475626931     
   -4.049261083743843         2.796118472124562     
   -4.049261083743843         2.846514629693493     
   -4.049261083743843         2.896990107572124     
   -4.049261083743843         2.947546055931647     
   -4.049261083743843         2.998183615770246     
   -4.049261083743843         3.048903918809426     
   -4.049261083743843         3.099708087392552     
   -4.049261083743843         3.150597234385543     
   -4.049261083743843         3.201572463079744     
   -4.049261083743843         3.252634867097027     
   -4.049261083743843         3.303785530297104     
   -4.049261083743843         3.355025526687095     
   -4.049261083743843         3.406355920333276     
   -4.049261083743843         3.457777765275144     
   -4.049261083743843         3.509292105441697     
   -4.049261083743843         3.560899974569995     
   -4.049261083743843         3.612602396126019     
   -4.049261083743843         3.664400383227755     
   -4.049261083743843         3.716294938570621     
   -4.049261083743843         3.768287054355155     
   -4.049261083743843         3.820377712216992     
   -4.049261083743843         3.872567883159169     
   -4.049261083743843         3.924858527486697     
   -4.049261083743843         3.977250594743452     
   -4.049261083743843         4.029745023651369     
   -4.049261083743843         4.082342742051922     
   -4.049261083743843         4.135044666849921     
   -4.049261083743843         4.187851703959623     
   -4.049261083743843         4.240764748253083     
   -4.049261083743843         4.293784683510877     
   -4.049261083743843         4.346912382375035     
   -4.049261083743843         4.400148706304335     
   -4.049261083743843         4.453494505531812     
   -4.049261083743843         4.506950619024605     
   -4.049261083743843         4.560517874445989     
   -4.049261083743843         4.614197088119759     
   -4.049261083743843         4.667989064996787     
   -4.049261083743843         4.721894598623869     
   -4.049261083743843         4.775914471114810     
   -4.049261083743843         4.830049453123672     
   -4.049261083743843         4.884300303820300     
   -4.049261083743843         4.938667770868034     
   -4.049261083743843         4.993152590403565     
   -4.049261083743843         5.047755487019044     
   -4.049261083743843         5.102477173746276     
   -4.049261083743843         5.157318352043106     
   -4.049261083743843         5.212279711781952     
   -4.049261083743843         5.267361931240405     
   -4.049261083743843         5.322565677093978     
   -4.049261083743843         5.377891604410935     
   -4.049261083743843         5.433340356649176     
   -4.049261083743843         5.488912565655180     
   -4.049261083743843         5.544608851664999     
   -4.049261083743843         5.600429823307244     
   -4.049261083743843         5.656376077608095     
   -4.049261083743843         5.712448199998287     
   -4.049261083743843         5.768646764322033     
   -4.049261083743843         5.824972332847921     
   -4.049261083743843         5.881425456281713     
   -4.049261083743843         5.938006673781031     
   -4.049261083743843         5.994716512971964     
   -4.049261083743843         6.051555489967481     
   -4.049261083743843         6.108524109387715     
   -4.049261083743843         6.165622864382035     
   -4.049261083743843         6.222852236652933     
   -4.049261083743843         6.280212696481654     
   -4.049261083743843         6.337704702755588     
   -4.049261083743843         6.395328702997363     
   -4.049261083743843         6.453085133395653     
   -4.049261083743843         6.510974418837655     
   -4.049261083743843         6.568996972943191     
   -4.049261083743843         6.627153198100469     
   -4.049261083743843         6.685443485503412     
   -4.049261083743843         6.743868215190578     
   -4.049261083743843         6.802427756085615     
   -4.049261083743843         6.861122466039248     
   -4.049261083743843         6.919952691872765     
   -4.049261083743843         6.978918769422950     
   -4.049261083743843         7.038021023588496     
   -4.049261083743843         7.097259768377808     
   -4.049261083743843         7.156635306958210     
   -4.049261083743843         7.216147931706518     
   -4.049261083743843         7.275797924260956     
   -4.049261083743843         7.335585555574358     
   -4.049261083743843         7.395511085968706     
   -4.049261083743843         7.455574765190877     
   -4.049261083743843         7.515776832469648     
   -4.049261083743843         7.576117516573909     
   -4.049261083743843         7.636597035872039     
   -4.049261083743843         7.697215598392448     
   -4.049261083743843         7.757973401885232     
   -4.049261083743843         7.818870633884936     
   -4.049261083743843         7.879907471774390     
   -4.049261083743843         7.941084082849565     
   -4.049261083743843         8.002400624385478     
   -4.049261083743843         8.063857243703076     
   -4.049261083743843         8.125454078237061     
   -4.049261083743843         8.187191255604692     
   -4.049261083743843         8.249068893675465     
   -4.049261083743843         8.311087100641695     
   -4.049261083743843         8.373245975089930     
   -4.049261083743843         8.435545606073234     
   -4.049261083743843         8.497986073184252     
   -4.049261083743843         8.560567446629033     
   -4.049261083743843         8.623289787301651     
   -4.049261083743843         8.686153146859512     
   -4.049261083743843         8.749157567799386     
   -4.049261083743843         8.812303083534093     
   -4.049261083743843         8.875589718469866     
   -4.049261083743843         8.939017488084312     
   -4.049261083743843         9.002586399004974     
   -4.049261083743843         9.066296449088483     
   -4.049261083743843         9.130147627500254     
   -4.049261083743843         9.194139914794691     
   -4.049261083743843         9.258273282995903     
   -4.049261083743843         9.322547695678912     
   -4.049261083743843         9.386963108051271     
   -4.049261083743843         9.451519467035148     
   -4.049261083743843         9.516216711349808     
   -4.049261083743843         9.581054771594454     
   -4.049261083743843         9.646033570331447     
   -4.049261083743843         9.711153022169857     
   -4.049261083743843         9.776413033849320     
   -4.049261083743843         9.841813504324184     
   -4.049261083743843         9.907354324847942     
   -4.049261083743843         9.973035379057874     
   -4.049261083743843         10.03885654305996     
   -4.049261083743843         10.10481768551394     
   -4.049261083743843         10.17091866771861     
   -4.049261083743843         10.23715934369725     
   -4.049261083743843         10.30353956028320     
   -4.049261083743843         10.37005915720552     
   -4.049261083743843         10.43671796717483     
   -4.049261083743843         10.50351581596916     
   -4.049261083743843         10.57045252251987     
   -4.049261083743843         10.63752789899763     
   -4.049261083743843         10.70474175089845     
   -4.049261083743843         10.77209387712962     
   -4.049261083743843         10.83958407009575     
   -4.049261083743843         10.90721211578467     
   -4.049261083743843         10.97497779385340     
   -4.049261083743843         11.04288087771391     
   -4.049261083743843         11.11092113461890     
   -4.049261083743843         11.17909832574749     
   -4.049261083743843         11.24741220629066     
   -4.049261083743843         11.31586252553671     
   -4.049261083743843         11.38444902695649     
   -4.049261083743843         11.45317144828847     
   -4.049261083743843         11.52202952162362     
   -4.049261083743843         11.59102297349011     
   -4.049261083743843         11.66015152493785     
   -4.049261083743843         11.72941489162265     
   -4.049261083743843         11.79881278389032     
   -4.049261083743843         11.86834490686041     
   -4.049261083743843         11.93801096050970     
   -4.049261083743843         12.00781063975541     
   -4.049261083743843         12.07774363453811     
   -4.049261083743843         12.14780962990438     
   -4.049261083743843         12.21800830608907     
   -4.049261083743843         12.28833933859724     
   -4.049261083743843         12.35880239828584     
   -4.049261083743843         12.42939715144490     
   -4.049261083743843         12.50012325987849     
   -4.049261083743843         12.57098038098522     
   -4.049261083743843         12.64196816783834     
   -4.049261083743843         12.71308626926553     
   -4.049261083743843         12.78433432992817     
   -4.049261083743843         12.85571199040028     
   -4.049261083743843         12.92721888724701     
   -4.049261083743843         12.99885465310265     
   -4.049261083743843         13.07061891674822     
   -4.049261083743843         13.14251130318866     
   -4.049261083743843         13.21453143372946     
   -4.049261083743843         13.28667892605288     
   -4.049261083743843         13.35895339429368     
   -4.049261083743843         13.43135444911436     
   -4.049261083743843         13.50388169777991     
   -4.049261083743843         13.57653474423200     
   -4.049261083743843         13.64931318916281     
   -4.049261083743843         13.72221663008815     
   -4.049261083743843         13.79524466142022     
   -4.049261083743843         13.86839687453974     
   -4.049261083743843         13.94167285786762     
   -4.049261083743843         14.01507219693601     
   -4.049261083743843         14.08859447445888     
   -4.049261083743843         14.16223927040204     
   -4.049261083743843         14.23600616205252     
   -4.049261083743843         14.30989472408749     
   -4.049261083743843         14.38390452864260     
   -4.049261083743843         14.45803514537971     
   -4.049261083743843         14.53228614155403     
   -4.049261083743843         14.60665708208079     
   -4.049261083743843         14.68114752960122     
   -4.049261083743843         14.75575704454800     
   -4.049261083743843         14.83048518521008     
   -4.049261083743843         14.90533150779699     
