    0.000000        0.000000        0.000000        0.000000     
    0.000000        0.000000        0.000000        0.000000     
    0.000000        0.000000        0.000000        0.000000     
    0.000000        0.000000        0.000000        0.000000     
    0.000000        0.000000        0.000000        0.000000     
    0.000000        0.000000        0.000000        0.000000     
    0.000000        0.000000        0.000000        0.000000     
    0.000000        0.000000        0.000000        0.000000     
    0.000000        0.000000        0.000000        0.000000     
    0.000000        0.000000        0.000000        0.000000     
    0.000000        0.000000        0.000000        0.000000     
    0.000000        0.000000        0.000000        0.000000     
    0.000000        0.000000        0.000000        0.000000     
    0.000000        0.000000        0.000000        0.000000     
    0.000000        0.000000        0.000000        0.000000     
    0.000000        0.000000        0.000000        0.000000     
    0.000000        0.000000        0.000000        0.000000     
    0.000000        0.000000        0.000000        0.000000     
    0.000000        0.000000        0.000000        0.000000     
    0.000000        0.000000        0.000000        0.000000     
    0.000000        0.000000        0.000000        0.000000    
    0.000000       2.4945547E-03   4.6409895E-03   6.4776274E-03 
   8.0459993E-03   9.3937926E-03   1.0576361E-02   1.1652431E-02 
   1.2678141E-02   1.3701092E-02   1.4754933E-02   1.5854193E-02 
   1.6988786E-02   1.8117864E-02   1.9163512E-02   2.0005975E-02 
   2.0483615E-02   2.0401830E-02   1.9555304E-02   1.7765893E-02 
   1.4933557E-02   1.1089808E-02   6.4337719E-03   1.3243981E-03 
   4.9155141E-04   4.0746550E-04   4.2783303E-04   4.4043010E-04 
   4.3174700E-04   4.0626660E-04   3.7065052E-04   3.3046899E-04 
   2.8966629E-04   2.5072991E-04   2.1503419E-04   1.8318169E-04 
   1.5528277E-04   1.3116118E-04   1.1049293E-04   9.2894195E-05 
   7.7973695E-05   6.5361601E-05   5.4723296E-05   4.5763922E-05 
   3.8227889E-05   3.1895870E-05   2.6580843E-05   2.2123942E-05 
   1.8390534E-05   1.5266656E-05   1.2655896E-05   1.0476720E-05 
   8.6601885E-06   7.1480426E-06   5.8910678E-06   4.8477136E-06 
   3.9829270E-06   3.2671603E-06   2.6755331E-06   2.1871217E-06 
   1.7843557E-06   1.4525057E-06   1.1792479E-06   9.5429289E-07 
   7.6907151E-07   6.1646716E-07   4.9059054E-07   3.8658911E-07 
   3.0048827E-07   2.2905925E-07   1.6971141E-07   1.2040549E-07 
   7.9585021E-08   4.6121688E-08   1.9268375E-08  -1.3911459E-09 
  -1.6013185E-08  -2.4608173E-08  -2.7219500E-08  -2.4172133E-08 
  -1.6353994E-08  -5.4639719E-09   5.4255849E-09   5.4255849E-09
    0.000000       7.4128406E-03   1.3830447E-02   1.9322660E-02 
   2.4008872E-02   2.8033001E-02   3.1562097E-02   3.4773082E-02 
   3.7835184E-02   4.0892463E-02   4.4047840E-02   4.7347784E-02 
   5.0765913E-02   5.4184336E-02   5.7374045E-02   5.9979241E-02 
   6.1514921E-02   6.1390687E-02   5.8974463E-02   5.3705007E-02 
   4.5248404E-02   3.3670343E-02   1.9564787E-02   4.0519601E-03 
   1.5336096E-03   1.2795300E-03   1.3335055E-03   1.3596339E-03 
   1.3210115E-03   1.2335590E-03   1.1182904E-03   9.9197379E-04 
   8.6601952E-04   7.4732257E-04   6.3947390E-04   5.4385740E-04 
   4.6049876E-04   3.8866530E-04   3.2725805E-04   2.7505271E-04 
   2.3083783E-04   1.9348785E-04   1.6199501E-04   1.3547738E-04 
   1.1317403E-04   9.4433839E-05   7.8702673E-05   6.5510358E-05 
   5.4458647E-05   4.5210520E-05   3.7480866E-05   3.1028547E-05 
   2.5649666E-05   2.1171862E-05   1.7449511E-05   1.4359648E-05 
   1.1798515E-05   9.6786389E-06   7.9263591E-06   6.4797218E-06 
   5.2866985E-06   4.3036716E-06   3.4941438E-06   2.8276427E-06 
   2.2787881E-06   1.8265022E-06   1.4533412E-06   1.1449321E-06 
   8.8950128E-07   6.7748476E-07   5.0120855E-07   3.5463282E-07 
   2.3315081E-07   1.3343049E-07   5.3282232E-08  -8.4804510E-09 
  -5.2239304E-08  -7.7900722E-08  -8.5431772E-08  -7.5635434E-08 
  -5.1069332E-08  -1.6899589E-08   1.7275635E-08   1.7275635E-08
    0.000000       1.2172777E-02   2.2765199E-02   3.1837504E-02 
   3.9575163E-02   4.6215083E-02   5.2034885E-02   5.7329521E-02 
   6.2382337E-02   6.7436658E-02   7.2669946E-02   7.8169003E-02 
   8.3902933E-02   8.9691676E-02   9.5171437E-02   9.9764265E-02 
   0.1026666       0.1028780       9.9295303E-02   9.0892039E-02 
   7.6987222E-02   5.7570919E-02   3.3595491E-02   7.0627239E-03 
   2.7831681E-03   2.3417622E-03   2.3979212E-03   2.3955202E-03 
   2.2852886E-03   2.1012980E-03   1.8810685E-03   1.6519581E-03 
   1.4310667E-03   1.2277293E-03   1.0460576E-03   8.8693463E-04 
   7.4941450E-04   6.3163514E-04   5.3137791E-04   4.4638678E-04 
   3.7453664E-04   3.1391036E-04   2.6282357E-04   2.1982004E-04 
   1.8365341E-04   1.5326291E-04   1.2774864E-04   1.0634855E-04 
   8.8417706E-05   7.3410542E-05   6.0865488E-05   5.0392067E-05 
   4.1660005E-05   3.4390010E-05   2.8346010E-05   2.3328594E-05 
   1.9169443E-05   1.5726628E-05   1.2880593E-05   1.0530774E-05 
   8.5927086E-06   6.9955722E-06   5.6801014E-06   4.5968086E-06 
   3.7044736E-06   2.9688624E-06   2.3616406E-06   1.8594601E-06 
   1.4431946E-06   1.0973057E-06   8.0932563E-07   5.6944384E-07 
   3.7018563E-07   2.0616771E-07   7.3904467E-08  -2.8384111E-08 
  -1.0105149E-07  -1.4352428E-07  -1.5518286E-07  -1.3674439E-07 
  -9.2055203E-08  -2.9932306E-08   3.2266357E-08   3.2266357E-08
    0.000000       1.6723195E-02   3.1308439E-02   4.3813467E-02 
   5.4479960E-02   6.3629389E-02   7.1644269E-02   7.8934297E-02 
   8.5896268E-02   9.2875510E-02   0.1001311       0.1078030     
   0.1158748       0.1241304       0.1321026       0.1390231     
   0.1437922       0.1449948       0.1410013       0.1301888     
   0.1113137       8.4031895E-02   4.9487002E-02   1.0707957E-02 
   4.4848416E-03   3.7825813E-03   3.7519902E-03   3.6269203E-03 
   3.3634619E-03   3.0215725E-03   2.6551676E-03   2.2984094E-03 
   1.9694811E-03   1.6761160E-03   1.4198943E-03   1.1991002E-03 
   1.0104734E-03   8.5021724E-04   7.1454304E-04   5.9993583E-04 
   5.0326256E-04   4.2179498E-04   3.5319044E-04   2.9545420E-04 
   2.4689556E-04   2.0608463E-04   1.7181301E-04   1.4305937E-04 
   1.1896024E-04   9.8785174E-05   8.1916049E-05   6.7829678E-05 
   5.6083278E-05   4.6302164E-05   3.8169455E-05   3.1417323E-05 
   2.5819589E-05   2.1185453E-05   1.7354158E-05   1.4190438E-05 
   1.1580662E-05   9.4295365E-06   7.6573051E-06   6.1973624E-06 
   4.9942237E-06   4.0018026E-06   3.1819520E-06   2.5032352E-06 
   1.9398965E-06   1.4710084E-06   1.0797776E-06   7.5299096E-07 
   4.8059434E-07   2.5538529E-07   7.2797185E-08  -6.9283622E-08 
  -1.7079040E-07  -2.3004708E-07  -2.4493153E-07  -2.1496591E-07 
  -1.4440813E-07  -4.5905640E-08   5.3042839E-08   5.3042839E-08
    0.000000       2.0994127E-02   3.9328352E-02   5.5060264E-02 
   6.8480782E-02   7.9986952E-02   9.0057977E-02   9.9212132E-02 
   0.1079566       0.1167397       0.1259092       0.1356723     
   0.1460517       0.1568310       0.1674872       0.1771192     
   0.1843875       0.1874979       0.1842699       0.1723442     
   0.1495961       0.1148381       6.8870440E-02   1.5703280E-02 
   7.0903180E-03   5.8835535E-03   5.5478872E-03   5.1167174E-03 
   4.5650867E-03   3.9771390E-03   3.4130949E-03   2.9024573E-03 
   2.4550059E-03   2.0701450E-03   1.7425915E-03   1.4654313E-03 
   1.2316235E-03   1.0346685E-03   8.6884759E-04   7.2925474E-04 
   6.1173667E-04   5.1279983E-04   4.2951258E-04   3.5941586E-04 
   3.0044481E-04   2.5086297E-04   2.0920731E-04   1.7424309E-04 
   1.4492661E-04   1.2037461E-04   9.9839111E-05   8.2686405E-05 
   6.8379646E-05   5.6464160E-05   4.6555066E-05   3.8326823E-05 
   3.1504354E-05   2.5855472E-05   2.1184469E-05   1.7326616E-05 
   1.4143498E-05   1.1519009E-05   9.3559574E-06   7.5731632E-06 
   6.1029937E-06   4.8892625E-06   3.8854591E-06   3.0532476E-06 
   2.3612156E-06   1.7838331E-06   1.3006060E-06   8.9540629E-07 
   5.5597076E-07   2.7355946E-07   4.2762682E-08  -1.3858364E-07 
  -2.6952537E-07  -3.4644620E-07  -3.6432371E-07  -3.1955082E-07 
  -2.1492778E-07  -6.6719380E-08   8.3367851E-08   8.3367851E-08
    0.000000       2.4918206E-02   4.6702143E-02   6.5405294E-02 
   8.1358992E-02   9.5025435E-02   0.1069700       0.1178105     
   0.1281578       0.1385612       0.1494607       0.1611433     
   0.1736950       0.1869389       0.2003575       0.2129997     
   0.2233909       0.2294683       0.2285796       0.2175903     
   0.1931848       0.1525352       9.4752632E-02   2.3770418E-02 
   1.1453832E-02   9.0325102E-03   7.9179332E-03   6.8643023E-03 
   5.8336197E-03   4.8984466E-03   4.0916358E-03   3.4132355E-03 
   2.8490319E-03   2.3812670E-03   1.9931796E-03   1.6704352E-03 
   1.4012622E-03   1.1761460E-03   9.8742568E-04   8.2891918E-04 
   6.9560949E-04   5.8339594E-04   4.8890180E-04   4.0932716E-04 
   3.4233643E-04   2.8597168E-04   2.3858502E-04   1.9878540E-04 
   1.6539585E-04   1.3741905E-04   1.1400917E-04   9.4448580E-05 
   7.8128454E-05   6.4532534E-05   5.3223317E-05   4.3830431E-05 
   3.6040641E-05   2.9589404E-05   2.4253612E-05   1.9845398E-05 
   1.6206850E-05   1.3205478E-05   1.0730351E-05   8.6887976E-06 
   7.0035935E-06   5.6105800E-06   4.4566341E-06   3.4979648E-06 
   2.6986779E-06   2.0295900E-06   1.4672579E-06   9.9321619E-07 
   5.9341392E-07   2.5786144E-07  -1.9498303E-08  -2.4067521E-07 
  -4.0340618E-07  -5.0118916E-07  -5.2417749E-07  -4.6245111E-07 
  -3.1349583E-07  -9.5444854E-08   1.2935860E-07   1.2935860E-07
    0.000000       2.8437341E-02   5.3323481E-02   7.4699819E-02 
   9.2926376E-02   0.1085178       0.1221124       0.1344150     
   0.1461298       0.1578993       0.1702533       0.1835639     
   0.1979973       0.2134509       0.2294715       0.2451532     
   0.2590270       0.2689581       0.2720691       0.2646984     
   0.2423998       0.2000666       0.1327267       3.9638408E-02 
   1.9003209E-02   1.3639160E-02   1.0868529E-02   8.7228995E-03 
   6.9990875E-03   5.6445096E-03   4.5889542E-03   3.7620394E-03 
   3.1066844E-03   2.5804881E-03   2.1528553E-03   1.8017375E-03 
   1.5110548E-03   1.2688690E-03   1.0661377E-03   8.9587143E-04 
   7.5256138E-04   6.3178787E-04   5.2994996E-04   4.4407681E-04 
   3.7169317E-04   3.1072181E-04   2.5941056E-04   2.1627638E-04 
   1.8006108E-04   1.4969577E-04   1.2427187E-04   1.0301689E-04 
   8.5274296E-05   7.0486458E-05   5.8180209E-05   4.7954523E-05 
   3.9469942E-05   3.2439537E-05   2.6621172E-05   2.1810851E-05 
   1.7837028E-05   1.4555731E-05   1.1846371E-05   9.6081903E-06 
   7.7571985E-06   6.2235958E-06   4.9495711E-06   3.8874496E-06 
   2.9981325E-06   2.2498043E-06   1.6168724E-06   1.0791289E-06 
   6.2113912E-07   2.3188348E-07  -9.5286261E-08  -3.6227763E-07 
  -5.6535725E-07  -6.9431388E-07  -7.3207684E-07  -6.5739766E-07 
  -4.5471415E-07  -1.3765438E-07   2.0213517E-07   2.0213517E-07
    0.000000       3.1505980E-02   5.9108321E-02   8.2825944E-02 
   0.1030334       0.1202827       0.1352697       0.1487698     
   0.1615653       0.1743784       0.1878182       0.2023358     
   0.2181798       0.2353373       0.2534567       0.2717484     
   0.2888744       0.3028391       0.3108914       0.3094170     
   0.2937273       0.2574712       0.1909781       7.6760821E-02 
   3.1831440E-02   2.0369044E-02   1.4325627E-02   1.0403692E-02 
   7.8101926E-03   6.0539329E-03   4.8159091E-03   3.9050637E-03 
   3.2096629E-03   2.6630026E-03   2.2236069E-03   1.8645172E-03 
   1.5674721E-03   1.3196223E-03   1.1115993E-03   9.3634025E-04 
   7.8835565E-04   6.6326477E-04   5.5749580E-04   4.6808869E-04 
   3.9256189E-04   3.2881912E-04   2.7508102E-04   2.2983288E-04 
   1.9178371E-04   1.5983249E-04   1.3304032E-04   1.1060682E-04 
   9.1850256E-05   7.6190459E-05   6.3134365E-05   5.2263451E-05 
   4.3223041E-05   3.5713008E-05   2.9479826E-05   2.4309718E-05 
   2.0022748E-05   1.6467779E-05   1.3518113E-05   1.1067786E-05 
   9.0283847E-06   7.3263418E-06   5.9006416E-06   4.7008803E-06 
   3.6856320E-06   2.8210889E-06   2.0799362E-06   1.4404563E-06 
   8.8586347E-07   4.0392629E-07  -1.2981589E-08  -3.6721255E-07 
  -6.5419653E-07  -8.5944021E-07  -9.5558391E-07  -9.0190764E-07 
  -6.5441407E-07  -2.0375086E-07   3.2245089E-07   3.2245089E-07
    0.000000       3.4093171E-02   6.3999034E-02   8.9702412E-02 
   0.1115768       0.1301951       0.1462925       0.1606969     
   0.1742492       0.1877322       0.2018149       0.2170102     
   0.2336330       0.2517498       0.2711087       0.2910504     
   0.3104071       0.3274056       0.3395849       0.3437179     
   0.3356448       0.3097038       0.2567548       0.1574277     
   7.0734106E-02   3.5467152E-02   1.9791909E-02   1.2417291E-02 
   8.6279763E-03   6.4468989E-03   5.0471737E-03   4.0691951E-03 
   3.3434571E-03   2.7816605E-03   2.3333668E-03   1.9676490E-03 
   1.6645294E-03   1.4105344E-03   1.1961880E-03   1.0145315E-03 
   8.6023402E-04   7.2905672E-04   6.1752868E-04   5.2274886E-04 
   4.4226064E-04   3.7396856E-04   3.1607863E-04   2.6705273E-04 
   2.2557203E-04   1.9050644E-04   1.6088842E-04   1.3589054E-04 
   1.1480589E-04   9.7031261E-05   8.2052618E-05   6.9432463E-05 
   5.8798985E-05   4.9836679E-05   4.2278174E-05   3.5897250E-05 
   3.0502784E-05   2.5933547E-05   2.2053744E-05   1.8749170E-05 
   1.5923933E-05   1.3497654E-05   1.1403083E-05   9.5840869E-06 
   7.9939473E-06   6.5939325E-06   5.3521067E-06   4.2423580E-06 
   3.2436590E-06   2.3396562E-06   1.5188597E-06   7.7598850E-07 
   1.1532196E-07  -4.4275640E-07  -8.5213912E-07  -1.0326308E-06 
  -8.7661647E-07  -3.0630372E-07   5.1539706E-07   5.1539706E-07
    0.000000       3.6183711E-02   6.7966752E-02   9.5288180E-02 
   0.1185046       0.1381927       0.1551085       0.1701122     
   0.1840823       0.1978394       0.2120886       0.2273778     
   0.2440604       0.2622507       0.2817629       0.3020299     
   0.3220095       0.3400896       0.3540070       0.3607790     
   0.3566200       0.3367785       0.2953333       0.2259078     
   0.1292970       7.0595190E-02   3.9952416E-02   2.4242539E-02 
   1.5870934E-02   1.1118332E-02   8.2304310E-03   6.3622459E-03 
   5.0853556E-03   4.1690622E-03   3.4823469E-03   2.9478003E-03 
   2.5184001E-03   2.1649289E-03   1.8687627E-03   1.6176101E-03 
   1.4029813E-03   1.2186938E-03   1.0600069E-03   9.2312531E-04 
   8.0491422E-04   7.0273364E-04   6.1433460E-04   5.3779065E-04 
   4.7144739E-04   4.1388281E-04   3.6387469E-04   3.2037264E-04 
   2.8247427E-04   2.4940431E-04   2.2049696E-04   1.9518040E-04 
   1.7296350E-04   1.5342447E-04   1.3620091E-04   1.2098136E-04 
   1.0749795E-04   9.5520118E-05   8.4849198E-05   7.5313787E-05 
   6.6765751E-05   5.9076832E-05   5.2135700E-05   4.5845511E-05 
   4.0121751E-05   3.4890447E-05   3.0086625E-05   2.5653062E-05 
   2.1539425E-05   1.7702165E-05   1.4106081E-05   1.0729382E-05 
   7.5750540E-06   4.6908349E-06   2.1988446E-06   3.2157155E-07 
  -6.3247057E-07  -4.1031703E-07   7.1146394E-07   7.1146394E-07
    0.000000       3.7778255E-02   7.1011759E-02   9.9583209E-02 
   0.1238175       0.1442786       0.1617256       0.1770317     
   0.1910917       0.2047416       0.2186983       0.2335175     
   0.2495598       0.2669523       0.2855344       0.3047854     
   0.3237358       0.3408753       0.3540712       0.3605155     
   0.3567184       0.3386196       0.3020972       0.2448500     
   0.1723705       0.1134725       7.3501036E-02   4.8259310E-02 
   3.2632448E-02   2.2890836E-02   1.6694115E-02   1.2645728E-02 
   9.9187233E-03   8.0184843E-03   6.6449493E-03   5.6139394E-03 
   4.8115086E-03   4.1666999E-03   3.6349096E-03   3.1876154E-03 
   2.8060523E-03   2.4773693E-03   2.1923329E-03   1.9439795E-03 
   1.7268314E-03   1.5364382E-03   1.3691039E-03   1.2217147E-03 
   1.0916241E-03   9.7657100E-04   8.7461615E-04   7.8409252E-04 
   7.0356397E-04   6.3179072E-04   5.6770095E-04   5.1036623E-04 
   4.5898094E-04   4.1284453E-04   3.7134680E-04   3.3395487E-04 
   3.0020237E-04   2.6968008E-04   2.4202792E-04   2.1692805E-04 
   1.9409902E-04   1.7329074E-04   1.5428007E-04   1.3686718E-04 
   1.2087222E-04   1.0613264E-04   9.2500763E-05   7.9841986E-05 
   6.8033718E-05   5.6966292E-05   4.6547837E-05   3.6717407E-05 
   2.7472148E-05   1.8913606E-05   1.1310377E-05   5.1481970E-06 
   1.0890266E-06  -3.2093990E-07   5.2347463E-07   5.2347463E-07
    0.000000       3.8892347E-02   7.3161796E-02   0.1026262     
   0.1275658       0.1485178       0.1662283       0.1815659     
   0.1954240       0.2086348       0.2219065       0.2357809     
   0.2506029       0.2664871       0.2832734       0.3004656     
   0.3171566       0.3319525       0.3429177       0.3475737     
   0.3430094       0.3262187       0.2949095       0.2492164     
   0.1946118       0.1438549       0.1033750       7.3724568E-02 
   5.2946679E-02   3.8670242E-02   2.8904881E-02   2.2187395E-02 
   1.7504416E-02   1.4174061E-02   1.1744495E-02   9.9192532E-03 
   8.5052075E-03   7.3770937E-03   6.4536231E-03   5.6816316E-03 
   5.0257295E-03   4.4616982E-03   3.9723529E-03   3.5450077E-03 
   3.1699312E-03   2.8394144E-03   2.5471929E-03   2.2880819E-03 
   2.0577344E-03   1.8524716E-03   1.6691588E-03   1.5051116E-03 
   1.3580205E-03   1.2258920E-03   1.1069985E-03   9.9983893E-04 
   9.0310420E-04   8.1564975E-04   7.3647138E-04   6.6468545E-04 
   5.9951178E-04   5.4025947E-04   4.8631444E-04   4.3712894E-04 
   3.9221271E-04   3.5112514E-04   3.1346866E-04   2.7888303E-04 
   2.4704030E-04   2.1764067E-04   1.9040873E-04   1.6509079E-04 
   1.4145374E-04   1.1928725E-04   9.8413147E-05   7.8708559E-05 
   6.0152153E-05   4.2900501E-05   2.7387447E-05   1.4399393E-05 
   5.0092758E-06   1.5633798E-07  -4.3499750E-07  -4.3499750E-07
    0.000000       3.9554443E-02   7.4468486E-02   0.1044895     
   0.1298432       0.1510285       0.1687653       0.1839042     
   0.1973229       0.2098360       0.2221300       0.2347205     
   0.2479251       0.2618369       0.2762919       0.2908237     
   0.3046098       0.3164249       0.3246239       0.3271953     
   0.3219430       0.3068781       0.2809244       0.2449649     
   0.2028738       0.1611031       0.1244084       9.4698168E-02 
   7.1865626E-02   5.4865818E-02   4.2424206E-02   3.3375606E-02 
   2.6777875E-02   2.1918308E-02   1.8279621E-02   1.5496834E-02 
   1.3317561E-02   1.1569617E-02   1.0136305E-02   8.9384215E-03 
   7.9216519E-03   7.0480262E-03   6.2902812E-03   5.6282352E-03 
   5.0464752E-03   4.5328932E-03   4.0777521E-03   3.6730729E-03 
   3.3122234E-03   2.9896302E-03   2.7005686E-03   2.4410072E-03 
   2.2074846E-03   1.9970152E-03   1.8070114E-03   1.6352216E-03 
   1.4796789E-03   1.3386582E-03   1.2106413E-03   1.0942874E-03 
   9.8840741E-04   8.9194370E-04   8.0395181E-04   7.2358514E-04 
   6.5008207E-04   5.8275473E-04   5.2097935E-04   4.6418776E-04 
   4.1186044E-04   3.6352011E-04   3.1872650E-04   2.7707257E-04 
   2.3818307E-04   2.0171811E-04   1.6738719E-04   1.3498255E-04 
   1.0444456E-04   7.5968157E-05   5.0139981E-05   2.8044817E-05 
   1.1196203E-05   1.0480398E-06  -2.2165814E-06  -2.2165814E-06
    0.000000       3.9803173E-02   7.5002320E-02   0.1052719     
   0.1307768       0.1519689       0.1695329       0.1842912     
   0.1970963       0.2087375       0.2198733       0.2309899     
   0.2423771       0.2541106       0.2660320       0.2777215     
   0.2884692       0.2972566       0.3027728       0.3034960     
   0.2978822       0.2846971       0.2634984       0.2351785     
   0.2022628       0.1684084       0.1368342       0.1094609     
   8.6938679E-02   6.9063462E-02   5.5202600E-02   4.4592492E-02 
   3.6504712E-02   3.0319147E-02   2.5542803E-02   2.1801295E-02 
   1.8819259E-02   1.6398547E-02   1.4398404E-02   1.2719253E-02 
   1.1290327E-02   1.0060695E-02   8.9929923E-03   8.0591654E-03 
   7.2376323E-03   6.5114023E-03   5.8668242E-03   5.2927420E-03 
   4.7799107E-03   4.3205847E-03   3.9082128E-03   3.5372127E-03 
   3.2027978E-03   2.9008382E-03   2.6277541E-03   2.3804270E-03 
   2.1561291E-03   1.9524639E-03   1.7673172E-03   1.5988178E-03 
   1.4453023E-03   1.3052865E-03   1.1774420E-03   1.0605744E-03 
   9.5360604E-04   8.5556111E-04   7.6555216E-04   6.8276882E-04 
   6.0646824E-04   5.3596625E-04   4.7063062E-04   4.0987556E-04 
   3.5316002E-04   2.9999236E-04   2.4994841E-04   2.0271428E-04 
   1.5816964E-04   1.1652332E-04   7.8489655E-05   4.5436478E-05 
   1.9341691E-05   2.2998729E-06  -4.7133217E-06  -4.7133217E-06
    0.000000       3.9684191E-02   7.4846908E-02   0.1050907     
   0.1305162       0.1515235       0.1687559       0.1830012     
   0.1950818       0.2057583       0.2156609       0.2252491     
   0.2347918       0.2443577       0.2538075       0.2627842     
   0.2707051       0.2767664       0.2799767       0.2792430     
   0.2735289       0.2620939       0.2447887       0.2223196     
   0.1963129       0.1689941       0.1425127       0.1184323     
   9.7583376E-02   8.0176547E-02   6.6010319E-02   5.4668196E-02 
   4.5662370E-02   3.8521346E-02   3.2833718E-02   2.8263010E-02 
   2.4545843E-02   2.1482131E-02   1.8922715E-02   1.6757432E-02 
   1.4904965E-02   1.3304858E-02   1.1911588E-02   1.0690295E-02 
   9.6137850E-03   8.6604590E-03   7.8128688E-03   7.0567164E-03 
   6.3801329E-03   5.7731662E-03   5.2273949E-03   4.7356370E-03 
   4.2917291E-03   3.8903486E-03   3.5268753E-03   3.1972786E-03 
   2.8980267E-03   2.6260111E-03   2.3784842E-03   2.1530087E-03 
   1.9474138E-03   1.7597583E-03   1.5883007E-03   1.4314720E-03 
   1.2878539E-03   1.1561591E-03   1.0352149E-03   9.2394825E-04 
   8.2137395E-04   7.2658324E-04   6.3873501E-04   5.5704877E-04 
   4.8080253E-04   4.0933772E-04   3.4208086E-04   2.7859476E-04 
   2.1867797E-04   1.6252892E-04   1.1096408E-04   6.5618580E-05 
   2.8956249E-05   3.8217640E-06  -7.7461682E-06  -7.7461682E-06
    0.000000       3.9246980E-02   7.4093089E-02   0.1040729     
   0.1292227       0.1498887       0.1666696       0.1803156     
   0.1916166       0.2013045       0.2099843       0.2180951     
   0.2258939       0.2334536       0.2406654       0.2472433     
   0.2527311       0.2565209       0.2578932       0.2560917     
   0.2504418       0.2405094       0.2262720       0.2082464     
   0.1874890       0.1654121       0.1434563       0.1227992     
   0.1042107       8.8052750E-02   7.4364066E-02   6.2971644E-02 
   5.3591393E-02   4.5902997E-02   3.9597340E-02   3.4401406E-02 
   3.0087503E-02   2.6472893E-02   2.3414528E-02   2.0802017E-02 
   1.8550631E-02   1.6595209E-02   1.4885264E-02   1.3381229E-02 
   1.2051692E-02   1.0871368E-02   9.8196324E-03   8.8794641E-03 
   8.0366638E-03   7.2792750E-03   6.5971478E-03   5.9816036E-03 
   5.4251729E-03   4.9213907E-03   4.4646324E-03   4.0499787E-03 
   3.6731092E-03   3.3302128E-03   3.0179136E-03   2.7332089E-03 
   2.4734191E-03   2.2361432E-03   2.0192219E-03   1.8207061E-03 
   1.6388305E-03   1.4719900E-03   1.3187195E-03   1.1776767E-03 
   1.0476270E-03   9.2742988E-04   8.1602827E-04   7.1244023E-04 
   6.1575510E-04   5.2513956E-04   4.3986141E-04   3.5934823E-04 
   2.8330227E-04   2.1189226E-04   1.4601658E-04   8.7565779E-05 
   3.9507071E-05   5.5158039E-06  -1.1120501E-05  -1.1120501E-05
    0.000000       3.8541924E-02   7.2833560E-02   0.1023478     
   0.1270591       0.1472605       0.1635048       0.1765037     
   0.1870145       0.1957423       0.2032708       0.2100251     
   0.2162591       0.2220584       0.2273514       0.2319227     
   0.2354306       0.2374316       0.2374193       0.2348846     
   0.2293986       0.2207129       0.2088569       0.1942001     
   0.1774395       0.1594957       0.1413415       0.1238343     
   0.1076081       9.3041748E-02   8.0284283E-02   6.9310576E-02 
   5.9983745E-02   5.2109387E-02   4.5475729E-02   3.9879337E-02 
   3.5138872E-02   3.1100342E-02   2.7637050E-02   2.4646778E-02 
   2.2047887E-02   1.9775370E-02   1.7777327E-02   1.6012060E-02 
   1.4445780E-02   1.3050844E-02   1.1804416E-02   1.0687460E-02 
   9.6839648E-03   8.7803602E-03   7.9650637E-03   7.2281235E-03 
   6.5609403E-03   5.9560421E-03   5.4069040E-03   4.9078027E-03 
   4.4536944E-03   4.0401183E-03   3.6631105E-03   3.3191368E-03 
   3.0050348E-03   2.7179637E-03   2.4553633E-03   2.2149177E-03 
   1.9945246E-03   1.7922686E-03   1.6063988E-03   1.4353080E-03 
   1.2775154E-03   1.1316513E-03   9.9644437E-04   8.7071134E-04 
   7.5335283E-04   6.4335892E-04   5.3983543E-04   4.4206888E-04 
   3.4965607E-04   2.6272371E-04   1.8223861E-04   1.1033885E-04 
   5.0505707E-05   7.2931471E-06  -1.4659717E-05  -1.4659717E-05
    0.000000       3.7617881E-02   7.1158431E-02   0.1000409     
   0.1241826       0.1438253       0.1594770       0.1718111     
   0.1815534       0.1893840       0.1958693       0.2014260     
   0.2063105       0.2106266       0.2143411       0.2173035     
   0.2192684       0.2199221       0.2189173       0.2159183     
   0.2106578       0.2029988       0.1929896       0.1808944     
   0.1671815       0.1524638       0.1374041       0.1226173     
   0.1085975       9.5683403E-02   8.4058568E-02   7.3776387E-02 
   6.4794876E-02   5.7012200E-02   5.0296474E-02   4.4507511E-02 
   3.9510809E-02   3.5185087E-02   3.1425275E-02   2.8142661E-02 
   2.5263475E-02   2.2726847E-02   2.0482648E-02   1.8489540E-02 
   1.6713267E-02   1.5125294E-02   1.3701685E-02   1.2422237E-02 
   1.1269784E-02   1.0229650E-02   9.2892144E-03   8.4375637E-03 
   7.6652151E-03   6.9638849E-03   6.3263089E-03   5.7460861E-03 
   5.2175550E-03   4.7356882E-03   4.2960048E-03   3.8944974E-03 
   3.5275677E-03   3.1919756E-03   2.8847929E-03   2.6033639E-03 
   2.3452730E-03   2.1083143E-03   1.8904671E-03   1.6898733E-03 
   1.5048176E-03   1.3337111E-03   1.1750761E-03   1.0275353E-03 
   8.8980573E-04   7.6070498E-04   6.3917873E-04   5.2437215E-04 
   4.1577360E-04   3.1346193E-04   2.1846480E-04   1.3316212E-04 
   6.1551327E-05   9.0821231E-06  -1.8221346E-05  -1.8221346E-05
    0.000000       3.6520362E-02   6.9151841E-02   9.7269177E-02 
   0.1207383       0.1397534       0.1547795       0.1664529     
   0.1754687       0.1824843       0.1880516       0.1925819     
   0.1963379       0.1994430       0.2019002       0.2036148     
   0.2044186       0.2040965       0.2024152       0.1991576     
   0.1941603       0.1873524       0.1787862       0.1686530     
   0.1572737       0.1450638       0.1324801       0.1199619     
   0.1078837       9.6526913E-02   8.6071603E-02   7.6605469E-02 
   6.8141684E-02   6.0640439E-02   5.4029133E-02   4.8218887E-02 
   4.3116458E-02   3.8631957E-02   3.4683086E-02   3.1196982E-02 
   2.8110480E-02   2.5369531E-02   2.2928191E-02   2.0747514E-02 
   1.8794468E-02   1.7040977E-02   1.5463097E-02   1.4040325E-02 
   1.2755028E-02   1.1591973E-02   1.0537940E-02   9.5814113E-03 
   8.7123029E-03   7.9217562E-03   7.2019561E-03   6.5459809E-03 
   5.9476807E-03   5.4015699E-03   4.9027405E-03   4.4467850E-03 
   4.0297341E-03   3.6480012E-03   3.2983350E-03   2.9777796E-03 
   2.6836377E-03   2.4134417E-03   2.1649248E-03   1.9359989E-03 
   1.7247326E-03   1.5293332E-03   1.3481302E-03   1.1795637E-03 
   1.0221775E-03   8.7462465E-04   7.3569734E-04   6.0440390E-04 
   4.8012612E-04   3.6289438E-04   2.5379381E-04   1.5544024E-04 
   7.2340175E-05   1.0829795E-05  -2.1700145E-05  -2.1700145E-05
    0.000000       3.5290342E-02   6.6889741E-02   9.4137974E-02 
   0.1168563       0.1351955       0.1495804       0.1606112     
   0.1689540       0.1752442       0.1800207       0.1836916     
   0.1865264       0.1886672       0.1901485       0.1909214     
   0.1908779       0.1898750       0.1877596       0.1843937     
   0.1796802       0.1735863       0.1661624       0.1575487     
   0.1479697       0.1377126       0.1270961       0.1164352     
   0.1060104       9.6046902E-02   8.6705066E-02   7.8081667E-02 
   7.0218235E-02   6.3113168E-02   5.6734629E-02   5.1032066E-02 
   4.5945480E-02   4.1412108E-02   3.7370812E-02   3.3764612E-02 
   3.0541914E-02   2.7656870E-02   2.5069211E-02   2.2743812E-02 
   2.0650145E-02   1.8761704E-02   1.7055470E-02   1.5511421E-02 
   1.4112097E-02   1.2842238E-02   1.1688462E-02   1.0639003E-02 
   9.6834730E-03   8.8126836E-03   8.0184713E-03   7.2935657E-03 
   6.6314694E-03   6.0263583E-03   5.4729981E-03   4.9666679E-03 
   4.5030992E-03   4.0784208E-03   3.6891121E-03   3.3319616E-03 
   3.0040306E-03   2.7026229E-03   2.4252562E-03   2.1696377E-03 
   1.9336422E-03   1.7152929E-03   1.5127443E-03   1.3242692E-03 
   1.1482511E-03   9.8319049E-04   8.2773605E-04   6.8076735E-04 
   5.4156559E-04   4.1011552E-04   2.8755827E-04   1.7673819E-04 
   8.2654376E-05   1.2499510E-05  -2.5023239E-05  -2.5023239E-05
    0.000000       3.3963602E-02   6.4438708E-02   9.0739578E-02 
   0.1126497       0.1302814       0.1440216       0.1544365     
   0.1621636       0.1678172       0.1719237       0.1748875     
   0.1769846       0.1783729       0.1791131       0.1791925     
   0.1785483       0.1770897       0.1747190       0.1713504     
   0.1669282       0.1614416       0.1549358       0.1475157     
   0.1393411       0.1306147       0.1215619       0.1124106     
   0.1033705       9.4618477E-02   8.6290449E-02   7.8479417E-02 
   7.1238637E-02   6.4588040E-02   5.8521904E-02   5.3016562E-02 
   4.8037045E-02   4.3542411E-02   3.9489612E-02   3.5836142E-02 
   3.2541636E-02   2.9568765E-02   2.6883587E-02   2.4455613E-02 
   2.2257647E-02   2.0265548E-02   1.8457934E-02   1.6815891E-02 
   1.5322678E-02   1.3963471E-02   1.2725119E-02   1.1595939E-02 
   1.0565524E-02   9.6245892E-03   8.7648258E-03   7.9787821E-03 
   7.2597596E-03   6.6017192E-03   5.9992033E-03   5.4472690E-03 
   4.9414253E-03   4.4775829E-03   4.0520090E-03   3.6612859E-03 
   3.3022778E-03   2.9720969E-03   2.6680783E-03   2.3877537E-03 
   2.1288297E-03   1.8891679E-03   1.6667676E-03   1.4597522E-03 
   1.2663611E-03   1.0849562E-03   9.1405556E-04   7.5242057E-04 
   5.9924048E-04   4.5445937E-04   3.1927347E-04   1.9674533E-04 
   9.2342052E-05   1.4066823E-05  -2.8142009E-05  -2.8142009E-05
    0.000000       3.2570582E-02   6.1855584E-02   8.7152734E-02 
   0.1082148       0.1251199       0.1382205       0.1480501     
   0.1552181       0.1603179       0.1638629       0.1662531     
   0.1677685       0.1685800       0.1687686       0.1683493     
   0.1672927       0.1655453       0.1630471       0.1597466     
   0.1556138       0.1506499       0.1448944       0.1384267     
   0.1313631       0.1238490       0.1160471       0.1081235     
   0.1002359       9.2522271E-02   8.5094824E-02   7.8037120E-02 
   7.1404681E-02   6.5228023E-02   5.9517045E-02   5.4265853E-02 
   4.9457353E-02   4.5067187E-02   4.1066915E-02   3.7426345E-02 
   3.4115221E-02   3.1104291E-02   2.8365968E-02   2.5874671E-02 
   2.3606958E-02   2.1541521E-02   1.9659098E-02   1.7942335E-02 
   1.6375624E-02   1.4944948E-02   1.3637718E-02   1.2442619E-02 
   1.1349472E-02   1.0349113E-02   9.4332732E-03   8.5944794E-03 
   7.8259697E-03   7.1216091E-03   6.4758211E-03   5.8835279E-03 
   5.3400942E-03   4.8412811E-03   4.3832008E-03   3.9622826E-03 
   3.5752361E-03   3.2190231E-03   2.8908302E-03   2.5880444E-03 
   2.3082313E-03   2.0491155E-03   1.8085629E-03   1.5845670E-03 
   1.3752409E-03   1.1788240E-03   9.9371793E-04   8.1857882E-04 
   6.5251411E-04   4.9543299E-04   3.4858557E-04   2.1523920E-04 
   1.0129710E-04   1.5515432E-05  -3.1024028E-05  -3.1024028E-05
    0.000000       3.1136507E-02   5.9187714E-02   8.3443053E-02 
   0.1036310       0.1198006       0.1322721       0.1415478     
   0.1482098       0.1528300       0.1559078       0.1578374     
   0.1589005       0.1592771       0.1590635       0.1582951     
   0.1569670       0.1550518       0.1525152       0.1493282     
   0.1454764       0.1409673       0.1358348       0.1301398     
   0.1239687       0.1174278       0.1106362       0.1037170     
   9.6789457E-02   8.9961208E-02   8.3323739E-02   7.6949462E-02 
   7.0891201E-02   6.5183386E-02   5.9844386E-02   5.4879405E-02 
   5.0283499E-02   4.6044379E-02   4.2144828E-02   3.8564652E-02 
   3.5282198E-02   3.2275420E-02   2.9522661E-02   2.7003139E-02 
   2.4697250E-02   2.2586714E-02   2.0654647E-02   1.8885532E-02 
   1.7265184E-02   1.5780665E-02   1.4420195E-02   1.3173058E-02 
   1.2029510E-02   1.0980689E-02   1.0018528E-02   9.1356775E-03 
   8.3254362E-03   7.5816824E-03   6.8988190E-03   6.2717185E-03 
   5.6956750E-03   5.1663639E-03   4.6798028E-03   4.2323163E-03 
   3.8205062E-03   3.4412227E-03   3.0915393E-03   2.7687300E-03 
   2.4702479E-03   2.1937054E-03   1.9368579E-03   1.6975895E-03 
   1.4739061E-03   1.2639419E-03   1.0659974E-03   8.7863783E-04 
   7.0089934E-04   5.3266290E-04   3.7522989E-04   2.3205600E-04 
   1.0944303E-04   1.6834010E-05  -3.3646749E-05  -3.3646749E-05
    0.000000       2.9681807E-02   5.6473639E-02   7.9664007E-02 
   9.8963268E-02   0.1143953       0.1262514       0.1350040     
   0.1412078       0.1454129       0.1481035       0.1496661     
   0.1503819       0.1504361       0.1499362       0.1489321     
   0.1474364       0.1454398       0.1429257       0.1398793     
   0.1362962       0.1321866       0.1275793       0.1225220     
   0.1170795       0.1113312       0.1053657       9.9275656E-02 
   9.3151972E-02   8.7079085E-02   8.1131130E-02   7.5369604E-02 
   6.9842406E-02   6.4584047E-02   5.9616778E-02   5.4952230E-02 
   5.0593328E-02   4.6536196E-02   4.2771935E-02   3.9288141E-02 
   3.6070164E-02   3.3102114E-02   3.0367589E-02   2.7850239E-02 
   2.5534131E-02   2.3404002E-02   2.1445416E-02   1.9644836E-02 
   1.7989650E-02   1.6468175E-02   1.5069614E-02   1.3784022E-02 
   1.2602246E-02   1.1515874E-02   1.0517175E-02   9.5990440E-03 
   8.7549482E-03   7.9788780E-03   7.2653019E-03   6.6091190E-03 
   6.0056238E-03   5.4504680E-03   4.9396274E-03   4.4693719E-03 
   4.0362384E-03   3.6370049E-03   3.2686668E-03   2.9284160E-03 
   2.6136211E-03   2.3218084E-03   2.0506454E-03   1.7979287E-03 
   1.5615760E-03   1.3396343E-03   1.1303199E-03   9.3212072E-04 
   7.4401399E-04   5.6585786E-04   3.9900170E-04   2.4707033E-04 
   1.1672194E-04   1.8014112E-05  -3.5993373E-05  -3.5993373E-05
    0.000000       2.8222619E-02   5.3744014E-02   7.5858198E-02 
   9.4262905E-02   0.1089610       0.1202171       0.1284750     
   0.1342626       0.1381074       0.1404775       0.1417496     
   0.1422018       0.1420220       0.1413245       0.1401698     
   0.1385821       0.1365652       0.1341140       0.1312234     
   0.1278945       0.1241389       0.1199808       0.1154579     
   0.1106199       0.1055269       0.1002460       9.4847843E-02 
   8.9402579E-02   8.3976775E-02   7.8630492E-02   7.3415413E-02 
   6.8373770E-02   6.3538134E-02   5.8931831E-02   5.4569799E-02 
   5.0459765E-02   4.6603482E-02   4.2997982E-02   3.9636727E-02 
   3.6510602E-02   3.3608757E-02   3.0919278E-02   2.8429732E-02 
   2.6127547E-02   2.4000308E-02   2.2035964E-02   2.0222964E-02 
   1.8550334E-02   1.7007731E-02   1.5585445E-02   1.4274411E-02 
   1.3066180E-02   1.1952900E-02   1.0927279E-02   9.9825514E-03 
   9.1124466E-03   8.3111506E-03   7.5732702E-03   6.8938024E-03 
   6.2681013E-03   5.6918515E-03   5.1610377E-03   4.6719215E-03 
   4.2210151E-03   3.8050613E-03   3.4210114E-03   3.0660057E-03 
   2.7373557E-03   2.4325266E-03   2.1491221E-03   1.8848716E-03 
   1.6376247E-03   1.4053595E-03   1.1862245E-03   9.7864575E-04 
   7.8155240E-04   5.9478573E-04   4.1973832E-04   2.6018283E-04 
   1.2308793E-04   1.9049001E-05  -3.8050490E-05  -3.8050490E-05
    0.000000       2.6771361E-02   5.1022626E-02   7.2058819E-02 
   8.9569911E-02   0.1035414       0.1142135       0.1220028     
   0.1274104       0.1309409       0.1330448       0.1340878     
   0.1343428       0.1339974       0.1331701       0.1319277     
   0.1303031       0.1283084       0.1259466       0.1232185     
   0.1201289       0.1166893       0.1129205       0.1088522     
   0.1045234       9.9980272E-02   9.5274396E-02   9.0460286E-02 
   8.5592791E-02   8.0724739E-02   7.5904921E-02   7.1176514E-02 
   6.6576183E-02   6.2133618E-02   5.7871576E-02   5.3806320E-02 
   4.9948242E-02   4.6302680E-02   4.2870753E-02   3.9650191E-02 
   3.6636114E-02   3.3821687E-02   3.1198714E-02   2.8758099E-02 
   2.6490238E-02   2.4385300E-02   2.2433467E-02   2.0625096E-02 
   1.8950822E-02   1.7401658E-02   1.5969031E-02   1.4644809E-02 
   1.3421320E-02   1.2291342E-02   1.1248097E-02   1.0285238E-02 
   9.3968222E-03   8.5772974E-03   7.8214733E-03   7.1245022E-03 
   6.4818533E-03   5.8892919E-03   5.3428579E-03   4.8388443E-03 
   4.3737791E-03   3.9444026E-03   3.5476543E-03   3.1806517E-03 
   2.8406761E-03   2.5251561E-03   2.2316538E-03   1.9578531E-03 
   1.7015543E-03   1.4606853E-03   1.2333434E-03   1.0179074E-03 
   8.1326987E-04   6.1926054E-04   4.3730935E-04   2.7131350E-04 
   1.2850383E-04   1.9933095E-05  -3.9807015E-05  -3.9807015E-05
    0.000000       2.5337312E-02   4.8327439E-02   6.8291038E-02 
   8.4914573E-02   9.8169349E-02   0.1082736       0.1156175     
   0.1206759       0.1239300       0.1258120       0.1266749     
   0.1267845       0.1263263       0.1254201       0.1241369     
   0.1225147       0.1205716       0.1183156       0.1157518     
   0.1128866       0.1097314       0.1063037       0.1026276     
   9.8733902E-02   9.4658621E-02   9.0442009E-02   8.6126707E-02 
   8.1756026E-02   7.7372260E-02   7.3015153E-02   6.8720765E-02 
   6.4520597E-02   6.0441162E-02   5.6503795E-02   5.2724831E-02 
   4.9115915E-02   4.5684502E-02   4.2434406E-02   3.9366376E-02 
   3.6478668E-02   3.3767566E-02   3.1227855E-02   2.8853221E-02 
   2.6636591E-02   2.4570422E-02   2.2646908E-02   2.0858170E-02 
   1.9196384E-02   1.7653871E-02   1.6223187E-02   1.4897154E-02 
   1.3668904E-02   1.2531891E-02   1.1479900E-02   1.0507046E-02 
   9.6077733E-03   8.7768389E-03   8.0093062E-03   7.3005301E-03 
   6.6461391E-03   6.0420237E-03   5.4843174E-03   4.9693822E-03 
   4.4937935E-03   4.0543238E-03   3.6479281E-03   3.2717292E-03 
   2.9230032E-03   2.5991653E-03   2.2977577E-03   2.0164391E-03 
   1.7529802E-03   1.5052758E-03   1.2713894E-03   1.0496667E-03 
   8.3897467E-04   6.3913595E-04   4.5161165E-04   2.8039873E-04 
   1.3293972E-04   2.0661782E-05  -4.1253799E-05  -4.1253799E-05
    0.000000       2.3927150E-02   4.5671560E-02   6.4573348E-02 
   8.0319159E-02   9.2868984E-02   0.1024209       0.1093401     
   0.1140753       0.1170842       0.1187796       0.1195010     
   0.1195056       0.1189748       0.1180281       0.1167382     
   0.1151465       0.1132749       0.1111346       0.1087333     
   0.1060785       0.1031808       0.1000554       9.6721835E-02 
   9.3204781E-02   8.9532800E-02   8.5737668E-02   8.1853166E-02 
   7.7913851E-02   7.3953830E-02   7.0005670E-02   6.6099472E-02 
   6.2262196E-02   5.8517184E-02   5.4883961E-02   5.1378205E-02 
   4.8011903E-02   4.4793610E-02   4.1728806E-02   3.8820293E-02 
   3.6068588E-02   3.3472326E-02   3.1028636E-02   2.8733451E-02 
   2.6581826E-02   2.4568163E-02   2.2686440E-02   2.0930365E-02 
   1.9293524E-02   1.7769484E-02   1.6351875E-02   1.5034463E-02 
   1.3811180E-02   1.2676171E-02   1.1623805E-02   1.0648696E-02 
   9.7457021E-03   8.9099314E-03   8.1367362E-03   7.4217115E-03 
   6.7606820E-03   6.1496962E-03   5.5850167E-03   5.0631054E-03 
   4.5806170E-03   4.1343817E-03   3.7213990E-03   3.3388205E-03 
   2.9839403E-03   2.6541830E-03   2.3470912E-03   2.0603181E-03 
   1.7916233E-03   1.5388860E-03   1.3001513E-03   1.0737465E-03 
   8.5852365E-04   6.5430236E-04   4.6256738E-04   2.8738999E-04 
   1.3637253E-04   2.1231412E-05  -4.2383610E-05  -4.2383610E-05
    0.000000       2.2545438E-02   4.3064140E-02   6.0918801E-02 
   7.5799376E-02   8.7657064E-02   9.6671641E-02   0.1031842     
   0.1076180       0.1104069       0.1119441       0.1125542     
   0.1124848       0.1119120       0.1109532       0.1096816     
   0.1081403       0.1063532       0.1043338       0.1020912     
   9.9633597E-02   9.6970797E-02   9.4115712E-02   9.1084719E-02 
   8.7897673E-02   8.4577538E-02   8.1149705E-02   7.7641249E-02 
   7.4079998E-02   7.0493691E-02   6.6909149E-02   6.3351549E-02 
   5.9843905E-02   5.6406617E-02   5.3057257E-02   4.9810473E-02 
   4.6678003E-02   4.3668821E-02   4.0789351E-02   3.8043708E-02 
   3.5433985E-02   3.2960545E-02   3.0622307E-02   2.8416991E-02 
   2.6341377E-02   2.4391515E-02   2.2562904E-02   2.0850655E-02 
   1.9249620E-02   1.7754504E-02   1.6359953E-02   1.5060618E-02 
   1.3851218E-02   1.2726577E-02   1.1681655E-02   1.0711574E-02 
   9.8116267E-03   8.9772940E-03   8.2042441E-03   7.4883373E-03 
   6.8256240E-03   6.2123388E-03   5.6448984E-03   5.1198942E-03 
   4.6340832E-03   4.1843811E-03   3.7678527E-03   3.3817026E-03 
   3.0232642E-03   2.6899911E-03   2.3794468E-03   2.0892962E-03 
   1.8173060E-03   1.5613566E-03   1.3194903E-03   1.0900293E-03 
   8.7182090E-04   6.6468539E-04   4.7012328E-04   2.9225377E-04 
   1.3878600E-04   2.1639335E-05  -4.3191223E-05  -4.3191223E-05
    0.000000       2.1195054E-02   4.0511139E-02   5.7336032E-02 
   7.1365654E-02   8.2544625E-02   9.1035992E-02   9.7157940E-02 
   0.1013085       0.1038978       0.1052991       0.1058214     
   0.1057018       0.1051101       0.1041603       0.1029249     
   0.1014474       9.9753119E-02   9.7856723E-02   9.5768012E-02 
   9.3495347E-02   9.1047883E-02   8.8436782E-02   8.5675716E-02 
   8.2780972E-02   7.9771169E-02   7.6666847E-02   7.3489927E-02 
   7.0263028E-02   6.7008890E-02   6.3749693E-02   6.0506593E-02 
   5.7299200E-02   5.4145262E-02   5.1060438E-02   4.8058152E-02 
   4.5149565E-02   4.2343620E-02   3.9647162E-02   3.7065089E-02 
   3.4600541E-02   3.2255109E-02   3.0029044E-02   2.7921451E-02 
   2.5930496E-02   2.4053570E-02   2.2287462E-02   2.0628488E-02 
   1.9072616E-02   1.7615575E-02   1.6252931E-02   1.4980169E-02 
   1.3792747E-02   1.2686145E-02   1.1655901E-02   1.0697640E-02 
   9.8071005E-03   8.9801429E-03   8.2127685E-03   7.5011207E-03 
   6.8414928E-03   6.2303296E-03   5.6642233E-03   5.1399143E-03 
   4.6542855E-03   4.2043584E-03   3.7872840E-03   3.4003397E-03 
   3.0409177E-03   2.7065193E-03   2.3947456E-03   2.1032924E-03 
   1.8299490E-03   1.5726127E-03   1.3293382E-03   1.0984554E-03 
   8.7881653E-04   6.7024556E-04   4.7425041E-04   2.9497137E-04 
   1.4017086E-04   2.1883963E-05  -4.3673521E-05  -4.3673521E-05
    0.000000       1.9877542E-02   3.8015995E-02   5.3830191E-02 
   6.7024246E-02   7.7538110E-02   8.5519582E-02   9.1264859E-02 
   9.5147416E-02   9.7553708E-02   9.8836556E-02   9.9289246E-02 
   9.9137507E-02   9.8543845E-02   9.7618416E-02   9.6431889E-02 
   9.5027477E-02   9.3430795E-02   9.1657192E-02   8.9716822E-02 
   8.7617964E-02   8.5369051E-02   8.2979813E-02   8.0461800E-02 
   7.7828497E-02   7.5095162E-02   7.2278604E-02   6.9396712E-02 
   6.6468060E-02   6.3511387E-02   6.0545176E-02   5.7587221E-02 
   5.4654267E-02   5.1761713E-02   4.8923403E-02   4.6151500E-02 
   4.3456398E-02   4.0846724E-02   3.8329400E-02   3.5909712E-02 
   3.3591453E-02   3.1377047E-02   2.9267710E-02   2.7263591E-02 
   2.5363937E-02   2.3567226E-02   2.1871310E-02   2.0273522E-02 
   1.8770795E-02   1.7359756E-02   1.6036801E-02   1.4798171E-02 
   1.3640013E-02   1.2558423E-02   1.1549493E-02   1.0609341E-02 
   9.7341379E-03   8.9201313E-03   8.1636552E-03   7.4611502E-03 
   6.8091657E-03   6.2043685E-03   5.6435443E-03   5.1235994E-03 
   4.6415604E-03   4.1945702E-03   3.7798863E-03   3.3948743E-03 
   3.0370029E-03   2.7038381E-03   2.3930352E-03   2.1023359E-03 
   1.8295679E-03   1.5726610E-03   1.3296956E-03   1.0990219E-03 
   8.7950571E-04   6.7097752E-04   4.7494392E-04   2.9553904E-04 
   1.4052488E-04   2.1964810E-05  -4.3829568E-05  -4.3829568E-05
    0.000000       1.8593421E-02   3.5580177E-02   5.0403684E-02 
   6.2778123E-02   7.2640404E-02   8.0124430E-02   8.5505329E-02 
   8.9132532E-02   9.1369048E-02   9.2547238E-02   9.2944190E-02 
   9.2773847E-02   9.2190906E-02   9.1300838E-02   9.0171903E-02 
   8.8846363E-02   8.7349668E-02   8.5697286E-02   8.3899438E-02 
   8.1964172E-02   7.9899244E-02   7.7713184E-02   7.5415827E-02 
   7.3018439E-02   7.0533685E-02   6.7975402E-02   6.5358348E-02 
   6.2697880E-02   6.0009561E-02   5.7308853E-02   5.4610789E-02 
   5.1929675E-02   4.9278852E-02   4.6670519E-02   4.4115588E-02 
   4.1623604E-02   3.9202716E-02   3.6859676E-02   3.4599900E-02 
   3.2427527E-02   3.0345516E-02   2.8355749E-02   2.6459148E-02 
   2.4655780E-02   2.2944983E-02   2.1325467E-02   1.9795412E-02 
   1.8352572E-02   1.6994346E-02   1.5717862E-02   1.4520041E-02 
   1.3397654E-02   1.2347369E-02   1.1365797E-02   1.0449526E-02 
   9.5951473E-03   8.7992838E-03   8.0586066E-03   7.3698517E-03 
   6.7298324E-03   6.1354470E-03   5.5836849E-03   5.0716321E-03 
   4.5964704E-03   4.1554808E-03   3.7460395E-03   3.3656172E-03 
   3.0117736E-03   2.6821536E-03   2.3744819E-03   2.0865609E-03 
   1.8162709E-03   1.5615873E-03   1.3206301E-03   1.0917810E-03 
   8.7392790E-04   6.6690973E-04   4.7222277E-04   2.9396781E-04 
   1.3985291E-04   2.1882508E-05  -4.3660668E-05  -4.3660668E-05
    0.000000       1.7342428E-02   3.3203632E-02   4.7056794E-02 
   5.8627702E-02   6.7851648E-02   7.4849814E-02   7.9877146E-02 
   8.3259605E-02   8.5336983E-02   8.6421229E-02   8.6772993E-02 
   8.6594112E-02   8.6031020E-02   8.5184030E-02   8.4118485E-02 
   8.2875237E-02   8.1479140E-02   7.9945467E-02   7.8284286E-02 
   7.6503299E-02   7.4609630E-02   7.2610810E-02   7.0515268E-02 
   6.8332516E-02   6.6073112E-02   6.3748591E-02   6.1371215E-02 
   5.8953751E-02   5.6509212E-02   5.4050606E-02   5.1590666E-02 
   4.9141638E-02   4.6715081E-02   4.4321693E-02   4.1971218E-02 
   3.9672330E-02   3.7432592E-02   3.5258461E-02   3.3155281E-02 
   3.1127319E-02   2.9177843E-02   2.7309172E-02   2.5522768E-02 
   2.3819312E-02   2.2198806E-02   2.0660635E-02   1.9203674E-02 
   1.7826358E-02   1.6526746E-02   1.5302598E-02   1.4151436E-02 
   1.3070589E-02   1.2057248E-02   1.1108501E-02   1.0221375E-02 
   9.3928631E-03   8.6199502E-03   7.8996336E-03   7.2289463E-03 
   6.6049630E-03   6.0248184E-03   5.4857130E-03   4.9849194E-03 
   4.5197872E-03   4.0877443E-03   3.6862991E-03   3.3130390E-03 
   2.9656270E-03   2.6418008E-03   2.3393680E-03   2.0562035E-03 
   1.7902541E-03   1.5395540E-03   1.3022741E-03   1.0768386E-03 
   8.6216541E-04   6.5810344E-04   4.6612928E-04   2.9028338E-04 
   1.3816681E-04   2.1638809E-05  -4.3170327E-05  -4.3170327E-05
    0.000000       1.6123705E-02   3.0885164E-02   4.3788198E-02 
   5.4571468E-02   6.3169874E-02   6.9692932E-02   7.4376240E-02 
   7.7522844E-02   7.9449646E-02   8.0448225E-02   8.0762744E-02 
   8.0582701E-02   8.0045931E-02   7.9247251E-02   7.8248724E-02 
   7.7089429E-02   7.5793333E-02   7.4375272E-02   7.2844997E-02 
   7.1209818E-02   6.9476254E-02   6.7650981E-02   6.5741278E-02 
   6.3755222E-02   6.1701711E-02   5.9590403E-02   5.7431560E-02 
   5.5235878E-02   5.3014297E-02   5.0777797E-02   4.8537198E-02 
   4.6303011E-02   4.4085231E-02   4.1893244E-02   3.9735690E-02 
   3.7620395E-02   3.5554312E-02   3.3543490E-02   3.1593077E-02 
   2.9707326E-02   2.7889634E-02   2.6142580E-02   2.4467988E-02 
   2.2866976E-02   2.1340035E-02   1.9887090E-02   1.8507561E-02 
   1.7200440E-02   1.5964344E-02   1.4797569E-02   1.3698157E-02 
   1.2663933E-02   1.1692551E-02   1.0781541E-02   9.9283317E-03 
   9.1302907E-03   8.3847474E-03   7.6890159E-03   7.0404122E-03 
   6.4362739E-03   5.8739712E-03   5.3509171E-03   4.8645772E-03 
   4.4124746E-03   3.9921934E-03   3.6013834E-03   3.2377578E-03 
   2.8990952E-03   2.5832364E-03   2.2880831E-03   2.0115958E-03 
   1.7517986E-03   1.5067960E-03   1.2748217E-03   1.0543523E-03 
   8.4434217E-04   6.4465171E-04   4.5672842E-04   2.8452562E-04 
   1.3548526E-04   2.1236563E-05  -4.2364245E-05  -4.2364245E-05
    0.000000       1.4935971E-02   2.8622724E-02   4.0595356E-02 
   5.0606437E-02   5.8591537E-02   6.4649433E-02   6.8997160E-02 
   7.1915388E-02   7.3698476E-02   7.4617788E-02   7.4900977E-02 
   7.4725054E-02   7.4219070E-02   7.3472068E-02   7.2542585E-02 
   7.1467653E-02   7.0270136E-02   6.8964258E-02   6.7559332E-02 
   6.6062257E-02   6.4478979E-02   6.2815420E-02   6.1077904E-02 
   5.9273340E-02   5.7409268E-02   5.5493828E-02   5.3535666E-02 
   5.1543787E-02   4.9527425E-02   4.7495890E-02   4.5458410E-02 
   4.3423999E-02   4.1401323E-02   3.9398585E-02   3.7423424E-02 
   3.5482861E-02   3.3583220E-02   3.1730108E-02   2.9928386E-02 
   2.8182184E-02   2.6494903E-02   2.4869248E-02   2.3307255E-02 
   2.1810342E-02   2.0379357E-02   1.9014623E-02   1.7715994E-02 
   1.6482908E-02   1.5314433E-02   1.4209324E-02   1.3166064E-02 
   1.2182910E-02   1.1257928E-02   1.0389038E-02   9.5740426E-03 
   8.8106515E-03   8.0965180E-03   7.4292528E-03   6.8064495E-03 
   6.2256977E-03   5.6846002E-03   5.1807836E-03   4.7119069E-03 
   4.2756717E-03   3.8698236E-03   3.4921605E-03   3.1405305E-03 
   2.8128359E-03   2.5070305E-03   2.2211198E-03   1.9531604E-03 
   1.7012648E-03   1.4636180E-03   1.2385267E-03   1.0245286E-03 
   8.2062167E-04   6.2667805E-04   4.4410696E-04   2.7674821E-04 
   1.3183360E-04   2.0679696E-05  -4.1250256E-05  -4.1250256E-05
    0.000000       1.3777635E-02   2.6413642E-02   3.7474833E-02 
   4.6728555E-02   5.4111920E-02   5.9713826E-02   6.3733444E-02 
   6.6429622E-02   6.8074517E-02   6.8919472E-02   6.9175676E-02 
   6.9007568E-02   6.8535313E-02   6.7841992E-02   6.6982403E-02 
   6.5991357E-02   6.4890459E-02   6.3693181E-02   6.2408343E-02 
   6.1042365E-02   5.9600685E-02   5.8088567E-02   5.6511518E-02 
   5.4875467E-02   5.3186849E-02   5.1452558E-02   4.9679913E-02 
   4.7876526E-02   4.6050228E-02   4.4208933E-02   4.2360529E-02 
   4.0512756E-02   3.8673121E-02   3.6848783E-02   3.5046488E-02 
   3.3272482E-02   3.1532485E-02   2.9831627E-02   2.8174449E-02 
   2.6564874E-02   2.5006218E-02   2.3501204E-02   2.2051977E-02 
   2.0660138E-02   1.9326778E-02   1.8052511E-02   1.6837515E-02 
   1.5681582E-02   1.4584147E-02   1.3544340E-02   1.2561015E-02 
   1.1632798E-02   1.0758121E-02   9.9352468E-03   9.1623096E-03 
   8.4373392E-03   7.7582826E-03   7.1230331E-03   6.5294448E-03 
   5.9753512E-03   5.4585817E-03   4.9769725E-03   4.5283767E-03 
   4.1106744E-03   3.7217776E-03   3.3596363E-03   3.0222407E-03 
   2.7076232E-03   2.4138591E-03   2.1390663E-03   1.8814061E-03 
   1.6390887E-03   1.4103900E-03   1.1936983E-03   9.8762126E-04 
   7.9120527E-04   6.0433534E-04   4.2837259E-04   2.6701789E-04 
   1.2724355E-04   1.9973160E-05  -3.9838236E-05  -3.9838236E-05
    0.000000       1.2646890E-02   2.4254803E-02   3.4422562E-02 
   4.2932972E-02   4.9725469E-02   5.4879811E-02   5.8577947E-02 
   6.1057437E-02   6.2568583E-02   6.3342929E-02   6.3575260E-02 
   6.3417494E-02   6.2980779E-02   6.2342115E-02   6.1552443E-02 
   6.0644213E-02   5.9637647E-02   5.8545377E-02   5.7375662E-02 
   5.6134455E-02   5.4826692E-02   5.3457052E-02   5.2030344E-02 
   5.0551686E-02   4.9026575E-02   4.7460884E-02   4.5860816E-02 
   4.4232845E-02   4.2583622E-02   4.0919892E-02   3.9248396E-02 
   3.7575800E-02   3.5908595E-02   3.4253020E-02   3.2614999E-02 
   3.1000085E-02   2.9413398E-02   2.7859604E-02   2.6342880E-02 
   2.4866901E-02   2.3434835E-02   2.2049341E-02   2.0712592E-02 
   1.9426279E-02   1.8191641E-02   1.7009497E-02   1.5880261E-02 
   1.4803994E-02   1.3780419E-02   1.2808968E-02   1.1888809E-02 
   1.1018880E-02   1.0197919E-02   9.4244974E-03   8.6970450E-03 
   8.0138743E-03   7.3732077E-03   6.7731976E-03   6.2119435E-03 
   5.6875120E-03   5.1979497E-03   4.7412980E-03   4.3156017E-03 
   3.9189197E-03   3.5493311E-03   3.2049420E-03   2.8838881E-03 
   2.5843387E-03   2.3044960E-03   2.0425986E-03   1.7969201E-03 
   1.5657768E-03   1.3475434E-03   1.1406988E-03   9.4392762E-04 
   7.5633009E-04   5.7780382E-04   4.0965274E-04   2.5541402E-04 
   1.2175288E-04   1.9122894E-05  -3.8140020E-05  -3.8140020E-05
    0.000000       1.1541793E-02   2.2142796E-02   3.1434026E-02 
   3.9214302E-02   4.5426033E-02   5.0140500E-02   5.3523041E-02 
   5.5790387E-02   5.7171367E-02   5.7877943E-02   5.8088634E-02 
   5.7942815E-02   5.7542603E-02   5.6958865E-02   5.6238558E-02 
   5.5411689E-02   5.4497004E-02   5.3506233E-02   5.2447032E-02 
   5.1324870E-02   5.0144222E-02   4.8909236E-02   4.7624111E-02 
   4.6293270E-02   4.4921428E-02   4.3513592E-02   4.2075045E-02 
   4.0611289E-02   3.9127987E-02   3.7630890E-02   3.6125772E-02 
   3.4618367E-02   3.3114269E-02   3.1618915E-02   3.0137494E-02 
   2.8674901E-02   2.7235702E-02   2.5824098E-02   2.4443896E-02 
   2.3098489E-02   2.1790851E-02   2.0523526E-02   1.9298641E-02 
   1.8117910E-02   1.6982652E-02   1.5893806E-02   1.4851956E-02 
   1.3857354E-02   1.2909949E-02   1.2009411E-02   1.1155161E-02 
   1.0346397E-02   9.5821219E-03   8.8611702E-03   8.1822313E-03 
   7.5438754E-03   6.9445712E-03   6.3827094E-03   5.8566201E-03 
   5.3645894E-03   4.9048723E-03   4.4757077E-03   4.0753284E-03 
   3.7019702E-03   3.3538798E-03   3.0293206E-03   2.7265779E-03 
   2.4439606E-03   2.1798052E-03   1.9324748E-03   1.7003635E-03 
   1.4819002E-03   1.2755666E-03   1.0799392E-03   8.9378632E-04 
   7.1626651E-04   5.4728956E-04   3.8809344E-04   2.4202764E-04 
   1.1540511E-04   1.8135766E-05  -3.6169295E-05  -3.6169295E-05
    0.000000       1.0460316E-02   2.0074019E-02   2.8504407E-02 
   3.5566773E-02   4.1207053E-02   4.5488629E-02   4.8560776E-02 
   5.0619856E-02   5.1873568E-02   5.2514516E-02   5.2705087E-02 
   5.2572176E-02   5.2208852E-02   5.1679790E-02   5.1027924E-02 
   5.0280731E-02   4.9455427E-02   4.8562795E-02   4.7609858E-02 
   4.6601608E-02   4.5542054E-02   4.4434879E-02   4.3283749E-02 
   4.2092480E-02   4.0865108E-02   3.9605923E-02   3.8319413E-02 
   3.7010264E-02   3.5683297E-02   3.4343418E-02   3.2995563E-02 
   3.1644650E-02   3.0295510E-02   2.8952848E-02   2.7621185E-02 
   2.6304826E-02   2.5007812E-02   2.3733893E-02   2.2486502E-02 
   2.1268733E-02   2.0083334E-02   1.8932695E-02   1.7818851E-02 
   1.6743479E-02   1.5707918E-02   1.4713168E-02   1.3759919E-02 
   1.2848559E-02   1.1979198E-02   1.1151694E-02   1.0365667E-02 
   9.6205296E-03   8.9155063E-03   8.2496572E-03   7.6218988E-03 
   7.0310268E-03   6.4757336E-03   5.9546297E-03   5.4662568E-03 
   5.0091059E-03   4.5816321E-03   4.1822637E-03   3.8094162E-03 
   3.4614990E-03   3.1369254E-03   2.8341173E-03   2.5515100E-03 
   2.2875569E-03   2.0407313E-03   1.8095273E-03   1.5924642E-03 
   1.3880904E-03   1.1950008E-03   1.0118760E-03   8.3757413E-04 
   6.7131588E-04   5.1302282E-04   3.6385801E-04   2.2696090E-04 
   1.0824909E-04   1.7019524E-05  -3.3941491E-05  -3.3941491E-05
    0.000000       9.4003892E-03   1.8044760E-02   2.5628710E-02 
   3.1984374E-02   3.7061699E-02   4.0916685E-02   4.3683026E-02 
   4.5537144E-02   4.6665926E-02   4.7242858E-02   4.7414318E-02 
   4.7294792E-02   4.6968319E-02   4.6493363E-02   4.5908779E-02 
   4.5239486E-02   4.4501115E-02   4.3703463E-02   4.2852916E-02 
   4.1953970E-02   4.1010212E-02   4.0024880E-02   3.9001163E-02 
   3.7942350E-02   3.6851905E-02   3.5733469E-02   3.4590874E-02 
   3.3428095E-02   3.2249235E-02   3.1058466E-02   2.9860001E-02 
   2.8658042E-02   2.7456740E-02   2.6260156E-02   2.5072210E-02 
   2.3896655E-02   2.2737043E-02   2.1596693E-02   2.0478666E-02 
   1.9385751E-02   1.8320451E-02   1.7284971E-02   1.6281212E-02 
   1.5310781E-02   1.4374983E-02   1.3474835E-02   1.2611077E-02 
   1.1784184E-02   1.0994379E-02   1.0241657E-02   9.5257936E-03 
   8.8463752E-03   8.2028080E-03   7.5943428E-03   7.0200940E-03 
   6.4790552E-03   5.9701190E-03   5.4920940E-03   5.0437185E-03 
   4.6236762E-03   4.2306082E-03   3.8631265E-03   3.5198221E-03 
   3.1992751E-03   2.9000631E-03   2.6207650E-03   2.3599691E-03 
   2.1162739E-03   1.8882928E-03   1.6746558E-03   1.4740115E-03 
   1.2850333E-03   1.1064349E-03   9.3700713E-04   7.7570282E-04 
   6.2180817E-04   4.7525595E-04   3.3712582E-04   2.1032605E-04 
   1.0033869E-04   1.5782731E-05  -3.1473672E-05  -3.1473672E-05
    0.000000       8.3599370E-03   1.6051253E-02   2.2801835E-02 
   2.8460953E-02   3.2982983E-02   3.6417000E-02   3.8881559E-02 
   4.0533524E-02   4.1539274E-02   4.2053387E-02   4.2206377E-02 
   4.2100389E-02   4.1810460E-02   4.1388836E-02   4.0870268E-02 
   4.0277086E-02   3.9623305E-02   3.8917724E-02   3.8166065E-02 
   3.7372340E-02   3.6539722E-02   3.5671040E-02   3.4769051E-02 
   3.3836581E-02   3.2876577E-02   3.1892139E-02   3.0886510E-02 
   2.9863060E-02   2.8825255E-02   2.7776636E-02   2.6720779E-02 
   2.5661260E-02   2.4601623E-02   2.3545347E-02   2.2495808E-02 
   2.1456257E-02   2.0429779E-02   1.9419283E-02   1.8427471E-02 
   1.7456820E-02   1.6509579E-02   1.5587746E-02   1.4693066E-02 
   1.3827034E-02   1.2990890E-02   1.2185626E-02   1.1411992E-02 
   1.0670505E-02   9.9614607E-03   9.2849508E-03   8.6408686E-03 
   8.0289347E-03   7.4487035E-03   6.8995873E-03   6.3808672E-03 
   5.8917119E-03   5.4311920E-03   4.9982951E-03   4.5919400E-03 
   4.2109885E-03   3.8542598E-03   3.5205390E-03   3.2085874E-03 
   2.9171512E-03   2.6449687E-03   2.3907768E-03   2.1533147E-03 
   1.9313284E-03   1.7235746E-03   1.5288207E-03   1.3458495E-03 
   1.1734640E-03   1.0105015E-03   8.5586816E-04   7.0861581E-04 
   5.6809926E-04   4.3426146E-04   3.0809088E-04   1.9224474E-04 
   9.1732370E-05   1.4434716E-05  -2.8784416E-05  -2.8784416E-05
    0.000000       7.3369006E-03   1.4089738E-02   2.0018637E-02 
   2.4990276E-02   2.8963814E-02   3.1981818E-02   3.4148101E-02 
   3.5600301E-02   3.6484558E-02   3.6936745E-02   3.7071645E-02 
   3.6979135E-02   3.6725279E-02   3.6356106E-02   3.5902273E-02 
   3.5383474E-02   3.4812108E-02   3.4195948E-02   3.3540051E-02 
   3.2847956E-02   3.2122418E-02   3.1365898E-02   3.0580752E-02 
   2.9769385E-02   2.8934294E-02   2.8078096E-02   2.7203517E-02 
   2.6313391E-02   2.5410634E-02   2.4498222E-02   2.3579171E-02 
   2.2656498E-02   2.1733204E-02   2.0812243E-02   1.9896492E-02 
   1.8988734E-02   1.8091625E-02   1.7207678E-02   1.6339246E-02 
   1.5488500E-02   1.4657421E-02   1.3847789E-02   1.3061175E-02 
   1.2298937E-02   1.1562221E-02   1.0851960E-02   1.0168881E-02 
   9.5135104E-03   8.8861808E-03   8.2870442E-03   7.7160788E-03 
   7.1731070E-03   6.6578034E-03   6.1697117E-03   5.7082567E-03 
   5.2727577E-03   4.8624440E-03   4.4764653E-03   4.1139051E-03 
   3.7737919E-03   3.4551113E-03   3.1568136E-03   2.8778240E-03 
   2.6170504E-03   2.3733894E-03   2.1457330E-03   1.9329716E-03 
   1.7340000E-03   1.5477185E-03   1.3730357E-03   1.2088714E-03 
   1.0541618E-03   9.0787228E-04   7.6902832E-04   6.3678512E-04 
   5.1056826E-04   3.9033001E-04   2.7696026E-04   1.7284705E-04 
   8.2492770E-05   1.2985514E-05  -2.5893707E-05  -2.5893707E-05
    0.000000       6.3292617E-03   1.2156472E-02   1.7273959E-02 
   2.1566054E-02   2.4997048E-02   2.7603356E-02   2.9474378E-02 
   3.0728830E-02   3.1492855E-02   3.1883791E-02   3.2000806E-02 
   3.1921584E-02   3.1703252E-02   3.1385638E-02   3.0995283E-02 
   3.0549265E-02   3.0058330E-02   2.9529231E-02   2.8966352E-02 
   2.8372748E-02   2.7750798E-02   2.7102586E-02   2.6430115E-02 
   2.5735404E-02   2.5020543E-02   2.4287712E-02   2.3539180E-02 
   2.2777306E-02   2.2004513E-02   2.1223279E-02   2.0436110E-02 
   1.9645523E-02   1.8854031E-02   1.8064104E-02   1.7278166E-02 
   1.6498562E-02   1.5727542E-02   1.4967246E-02   1.4219685E-02 
   1.3486729E-02   1.2770090E-02   1.2071321E-02   1.1391800E-02 
   1.0732734E-02   1.0095149E-02   9.4798990E-03   8.8876579E-03 
   8.3189309E-03   7.7740606E-03   7.2532296E-03   6.7564738E-03 
   6.2836893E-03   5.8346451E-03   5.4089925E-03   5.0062775E-03 
   4.6259509E-03   4.2673815E-03   3.9298655E-03   3.6126378E-03 
   3.3148818E-03   3.0357395E-03   2.7743189E-03   2.5297033E-03 
   2.3009570E-03   2.0871316E-03   1.8872726E-03   1.7004216E-03 
   1.5256213E-03   1.3619175E-03   1.2083615E-03   1.0640130E-03 
   9.2794449E-04   7.9925283E-04   6.7708676E-04   5.6070794E-04 
   4.4961489E-04   3.4376830E-04   2.4395272E-04   1.5227054E-04 
   7.2686285E-05   1.1445818E-05  -2.2822836E-05  -2.2822836E-05
    0.000000       5.3350553E-03   1.0247741E-02   1.4562623E-02 
   1.8181961E-02   2.1075496E-02   2.3273800E-02   2.4852144E-02 
   2.5910564E-02   2.6555400E-02   2.6885604E-02   2.6984831E-02 
   2.6918642E-02   2.6735265E-02   2.6468344E-02   2.6140314E-02 
   2.5765618E-02   2.5353355E-02   2.4909250E-02   2.4437010E-02 
   2.3939220E-02   2.3417877E-02   2.2874722E-02   2.2311417E-02 
   2.1729629E-02   2.1131072E-02   2.0517536E-02   1.9890875E-02 
   1.9253016E-02   1.8605940E-02   1.7951669E-02   1.7292256E-02 
   1.6629763E-02   1.5966246E-02   1.5303741E-02   1.4644244E-02 
   1.3989693E-02   1.3341956E-02   1.2702815E-02   1.2073951E-02 
   1.1456933E-02   1.0853209E-02   1.0264095E-02   9.6907699E-03 
   9.1342730E-03   8.5954973E-03   8.0751898E-03   7.5739566E-03 
   7.0922589E-03   6.6304212E-03   6.1886366E-03   5.7669724E-03 
   5.3653782E-03   4.9836938E-03   4.6216580E-03   4.2789183E-03 
   3.9550401E-03   3.6495158E-03   3.3617741E-03   3.0911893E-03 
   2.8370889E-03   2.5987627E-03   2.3754695E-03   2.1664442E-03 
   1.9709035E-03   1.7880514E-03   1.6170841E-03   1.4571937E-03 
   1.3075707E-03   1.1674073E-03   1.0358990E-03   9.1224717E-04 
   7.9566316E-04   6.8537850E-04   5.8066816E-04   4.8090317E-04 
   3.8565660E-04   2.9489674E-04   2.0929686E-04   1.3065909E-04 
   6.2382554E-05   9.8269311E-06  -1.9594310E-05  -1.9594310E-05
    0.000000       4.3523638E-03   8.3598178E-03   1.1879374E-02 
   1.4831585E-02   1.7191926E-02   1.8985359E-02   2.0273237E-02 
   2.1137090E-02   2.1663612E-02   2.1933490E-02   2.2014966E-02 
   2.1961534E-02   2.1812566E-02   2.1595541E-02   2.1328796E-02 
   2.1024143E-02   2.0689033E-02   2.0328155E-02   1.9944547E-02 
   1.9540321E-02   1.9117102E-02   1.8676305E-02   1.8219268E-02 
   1.7747324E-02   1.7261846E-02   1.6764259E-02   1.6256040E-02 
   1.5738720E-02   1.5213875E-02   1.4683111E-02   1.4148061E-02 
   1.3610368E-02   1.3071670E-02   1.2533595E-02   1.1997740E-02 
   1.1465659E-02   1.0938858E-02   1.0418772E-02   9.9067632E-03 
   9.4041070E-03   8.9119831E-03   8.4314728E-03   7.9635466E-03 
   7.5090653E-03   7.0687751E-03   6.6433060E-03   6.2331730E-03 
   5.8387769E-03   5.4604076E-03   5.0982470E-03   4.7523761E-03 
   4.4227773E-03   4.1093440E-03   3.8118856E-03   3.5301354E-03 
   3.2637576E-03   3.0123554E-03   2.7754784E-03   2.5526287E-03 
   2.3432695E-03   2.1468308E-03   1.9627153E-03   1.7903042E-03 
   1.6289632E-03   1.4780454E-03   1.3368963E-03   1.2048566E-03 
   1.0812648E-03   9.6545991E-04   8.5678254E-04   7.5457752E-04 
   6.5819710E-04   5.6700967E-04   4.8041911E-04   3.9790801E-04 
   3.1912557E-04   2.4404701E-04   1.7322924E-04   1.0816156E-04 
   5.1653740E-05   8.1407106E-06  -1.6231737E-05  -1.6231737E-05
    0.000000       3.3792646E-03   6.4888089E-03   9.2187542E-03 
   1.1508384E-02   1.3339094E-02   1.4730341E-02   1.5729664E-02 
   1.6400214E-02   1.6809154E-02   1.7019026E-02   1.7082738E-02 
   1.7041780E-02   1.6926715E-02   1.6758876E-02   1.6552513E-02 
   1.6316816E-02   1.6057584E-02   1.5778473E-02   1.5481848E-02 
   1.5169354E-02   1.4842254E-02   1.4501641E-02   1.4148540E-02 
   1.3783976E-02   1.3408998E-02   1.3024690E-02   1.2632177E-02 
   1.2232624E-02   1.1827227E-02   1.1417207E-02   1.1003809E-02 
   1.0588279E-02   1.0171870E-02   9.7558200E-03   9.3413517E-03 
   8.9296550E-03   8.5218847E-03   8.1191435E-03   7.7224839E-03 
   7.3328903E-03   6.9512795E-03   6.5784915E-03   6.2152860E-03 
   5.8623389E-03   5.5202381E-03   5.1894858E-03   4.8704944E-03 
   4.5635886E-03   4.2690095E-03   3.9869128E-03   3.7173771E-03 
   3.4604038E-03   3.2159246E-03   2.9838057E-03   2.7638527E-03 
   2.5558174E-03   2.3594026E-03   2.1742680E-03   2.0000362E-03 
   1.8362976E-03   1.6826156E-03   1.5385317E-03   1.4035698E-03 
   1.2772399E-03   1.1590421E-03   1.0484692E-03   9.4500987E-04 
   8.4815023E-04   7.5737602E-04   6.7217380E-04   5.9203303E-04 
   5.1644840E-04   4.4492711E-04   3.7700374E-04   3.1227453E-04 
   2.5046594E-04   1.9155955E-04   1.3599210E-04   8.4929903E-05 
   4.0573384E-05   6.3994607E-06  -1.2759613E-05  -1.2759613E-05
    0.000000       2.4135869E-03   4.6302946E-03   6.5749083E-03 
   8.2057100E-03   9.5098913E-03   1.0501324E-02   1.1213762E-02 
   1.1692072E-02   1.1984014E-02   1.2134084E-02   1.2179950E-02 
   1.2151174E-02   1.2069539E-02   1.1950266E-02   1.1803529E-02 
   1.1635899E-02   1.1451524E-02   1.1253022E-02   1.1042090E-02 
   1.0819906E-02   1.0587374E-02   1.0345268E-02   1.0094319E-02 
   9.8352497E-03   9.5687993E-03   9.2957318E-03   9.0168370E-03 
   8.7329336E-03   8.4448606E-03   8.1534777E-03   7.8596566E-03 
   7.5642760E-03   7.2682141E-03   6.9723455E-03   6.6775293E-03 
   6.3846079E-03   6.0943952E-03   5.8076745E-03   5.5251908E-03 
   5.2476451E-03   4.9756900E-03   4.7099264E-03   4.4508977E-03 
   4.1990904E-03   3.9549293E-03   3.7187778E-03   3.4909372E-03 
   3.2716470E-03   3.0610862E-03   2.8593747E-03   2.6665761E-03 
   2.4826995E-03   2.3077042E-03   2.1415022E-03   1.9839618E-03 
   1.8349122E-03   1.6941476E-03   1.5614305E-03   1.4364963E-03 
   1.3190566E-03   1.2088038E-03   1.1054135E-03   1.0085481E-03 
   9.1785990E-04   8.3299330E-04   7.5358740E-04   6.7927752E-04 
   6.0969708E-04   5.4447871E-04   4.8325546E-04   4.2566206E-04 
   3.7133702E-04   3.1992747E-04   2.7110029E-04   2.2456655E-04 
   1.8013090E-04   1.3778098E-04   9.7830707E-05   6.1116298E-05 
   2.9214030E-05   4.6154555E-06  -9.2023729E-06  -9.2023729E-06
    0.000000       1.4519553E-03   2.7786382E-03   3.9415811E-03 
   4.9171653E-03   5.6977710E-03   6.2915245E-03   6.7184595E-03 
   7.0053097E-03   7.1805799E-03   7.2708614E-03   7.2986833E-03 
   7.2817402E-03   7.2330823E-03   7.1618385E-03   7.0741158E-03 
   6.9738626E-03   6.8635768E-03   6.7448365E-03   6.6186641E-03 
   6.4857695E-03   6.3466965E-03   6.2019103E-03   6.0518472E-03 
   5.8969385E-03   5.7376241E-03   5.5743572E-03   5.4076081E-03 
   5.2378615E-03   5.0656158E-03   4.8913807E-03   4.7156732E-03 
   4.5390152E-03   4.3619284E-03   4.1849320E-03   4.0085376E-03 
   3.8332457E-03   3.6595422E-03   3.4878938E-03   3.3187452E-03 
   3.1525160E-03   2.9895972E-03   2.8303484E-03   2.6750977E-03 
   2.5241373E-03   2.3777236E-03   2.2360773E-03   2.0993813E-03 
   1.9677824E-03   1.8413906E-03   1.7202813E-03   1.6044957E-03 
   1.4940425E-03   1.3889004E-03   1.2890196E-03   1.1943240E-03 
   1.1047139E-03   1.0200682E-03   9.4024668E-04   8.6509262E-04 
   7.9443492E-04   7.2809041E-04   6.6586584E-04   6.0755975E-04 
   5.5296434E-04   5.0186709E-04   4.5405174E-04   4.0929992E-04 
   3.6739183E-04   3.2810707E-04   2.9122538E-04   2.5652745E-04 
   2.2379613E-04   1.9281947E-04   1.6339743E-04   1.3535671E-04 
   1.0858043E-04   8.3061925E-05   5.8990638E-05   3.6869096E-05 
   1.7641913E-05   2.7984161E-06  -5.5793771E-06  -5.5793771E-06
    0.000000       4.8580294E-04   9.2685834E-04   1.3133731E-03 
   1.6378300E-03   1.8976087E-03   2.0953177E-03   2.2375607E-03 
   2.3331949E-03   2.3916834E-03   2.4218634E-03   2.4312278E-03 
   2.4256662E-03   2.4095254E-03   2.3858484E-03   2.3566729E-03 
   2.3233176E-03   2.2866174E-03   2.2471007E-03   2.2051097E-03 
   2.1608821E-03   2.1145993E-03   2.0664174E-03   2.0164812E-03 
   1.9649342E-03   1.9119221E-03   1.8575959E-03   1.8021110E-03 
   1.7456284E-03   1.6883133E-03   1.6303345E-03   1.5718635E-03 
   1.5130732E-03   1.4541367E-03   1.3952261E-03   1.3365113E-03 
   1.2781584E-03   1.2203287E-03   1.1631775E-03   1.1068527E-03 
   1.0514936E-03   9.9723053E-04   9.4418362E-04   8.9246198E-04 
   8.4216334E-04   7.9337350E-04   7.4616628E-04   7.0060306E-04 
   6.5673323E-04   6.1459397E-04   5.7421095E-04   5.3559837E-04 
   4.9875973E-04   4.6368846E-04   4.3036835E-04   3.9877466E-04 
   3.6887455E-04   3.4062809E-04   3.1398892E-04   2.8890511E-04 
   2.6531998E-04   2.4317273E-04   2.2239915E-04   2.0293229E-04 
   1.8470305E-04   1.6764067E-04   1.5167319E-04   1.3672785E-04 
   1.2273141E-04   1.0961042E-04   9.7291471E-05   8.5701409E-05 
   7.4767820E-05   6.4420048E-05   5.4591404E-05   4.5224187E-05 
   3.6279584E-05   2.7755637E-05   1.9715782E-05   1.2327622E-05 
   5.9051572E-06   9.4128001E-07  -1.8766393E-06  -1.8766393E-06
    0.000000        0.000000        0.000000        0.000000     
    0.000000        0.000000        0.000000        0.000000     
    0.000000        0.000000        0.000000        0.000000     
    0.000000        0.000000        0.000000        0.000000     
    0.000000        0.000000        0.000000        0.000000     
    0.000000        0.000000        0.000000        0.000000     
    0.000000        0.000000        0.000000        0.000000     
    0.000000        0.000000        0.000000        0.000000     
    0.000000        0.000000        0.000000        0.000000     
    0.000000        0.000000        0.000000        0.000000     
    0.000000        0.000000        0.000000        0.000000     
    0.000000        0.000000        0.000000        0.000000     
    0.000000        0.000000        0.000000        0.000000     
    0.000000        0.000000        0.000000        0.000000     
    0.000000        0.000000        0.000000        0.000000     
    0.000000        0.000000        0.000000        0.000000     
    0.000000        0.000000        0.000000        0.000000     
    0.000000        0.000000        0.000000        0.000000     
    0.000000        0.000000        0.000000        0.000000     
    0.000000        0.000000        0.000000        0.000000     
    0.000000        0.000000        0.000000        0.000000    
