-6.000000 -4.331754 0.000000 0.500000 -276.322962 1.000000 0.000000
-6.000000 -3.190854 0.000000 0.417103 -276.322962 0.135601 0.000002
-6.000000 -2.086070 0.000000 0.216717 -266.597477 0.054009 0.000122
-6.000000 -1.000000 0.000000 -0.065722 -258.038719 0.050085 0.003530
-6.000000 0.085330 0.000000 -0.282867 -254.270006 0.050014 0.044135
-6.000000 1.185049 0.000000 -0.318215 -196.759017 0.050002 0.049579
-6.000000 2.312766 0.000000 -0.321579 -127.198015 0.050000 0.049893
-6.000000 3.480621 0.000000 -0.359387 -95.887805 0.050000 0.049909
-6.000000 4.698747 0.000000 -0.377102 -49.826626 0.050000 0.049919
-6.000000 5.974949 0.000000 -0.409261 -26.150804 0.050000 0.049924
-6.000000 7.314577 0.000000 -0.447763 9.640010 0.050000 0.049932
-6.000000 8.720607 0.000000 -0.437126 78.580936 0.050000 0.049945
-6.000000 10.193859 0.000000 -0.398065 101.965388 0.050000 0.049949
-6.000000 11.733329 0.000000 -0.370596 82.374677 0.050000 0.049945
-6.000000 13.336554 0.000000 -0.376101 34.786156 0.050000 0.049936
-6.000000 15.000000 0.000000 -0.365090 -12.802365 0.050000 0.049928
-4.666667 -4.331754 0.000000 0.500000 -276.322962 1.000000 0.000000
-4.666667 -3.190854 0.082735 0.417103 -276.322962 0.135601 0.000002
-4.666667 -2.086070 0.136532 0.216717 -266.597477 0.054009 0.000122
-4.666667 -1.000000 0.214522 -0.065722 -258.038719 0.050085 0.003530
-4.666667 0.085330 0.005951 -0.282867 -254.270006 0.050014 0.044135
-4.666667 1.185049 0.024060 -0.318215 -196.759017 0.050002 0.049579
-4.666667 2.312766 0.006349 -0.321579 -127.198015 0.050000 0.049893
-4.666667 3.480621 -0.001567 -0.359387 -95.887805 0.050000 0.049909
-4.666667 4.698747 -0.003765 -0.377102 -49.826626 0.050000 0.049919
-4.666667 5.974949 -0.024465 -0.409261 -26.150804 0.050000 0.049924
-4.666667 7.314577 -0.027022 -0.447763 9.640010 0.050000 0.049932
-4.666667 8.720607 -0.013466 -0.437126 78.580936 0.050000 0.049945
-4.666667 10.193859 0.008017 -0.398065 101.965388 0.050000 0.049949
-4.666667 11.733329 -0.001448 -0.370596 82.374677 0.050000 0.049945
-4.666667 13.336554 -0.019234 -0.376101 34.786156 0.050000 0.049936
-4.666667 15.000000 -0.019234 -0.365090 -12.802365 0.050000 0.049928
-3.333333 -4.331754 0.000000 0.500000 -258.439672 1.000000 0.000000
-3.333333 -3.190854 0.212394 0.464241 -258.439672 0.135746 0.000000
-3.333333 -2.086070 0.312141 0.387421 -266.235096 0.054166 0.000008
-3.333333 -1.000000 0.445227 0.322053 -260.351221 0.050107 0.000277
-3.333333 0.085330 0.305936 0.021713 -254.019406 0.049967 0.005468
-3.333333 1.185049 0.078792 -0.296157 -227.222578 0.050008 0.044473
-3.333333 2.312766 0.015175 -0.346140 -177.507008 0.050003 0.047446
-3.333333 3.480621 -0.010218 -0.365152 -102.694949 0.050003 0.047510
-3.333333 4.698747 -0.024611 -0.395289 -38.334806 0.050002 0.047500
-3.333333 5.974949 -0.055317 -0.427410 -19.985140 0.050002 0.047489
-3.333333 7.314577 -0.055743 -0.431208 28.897385 0.050001 0.047487
-3.333333 8.720607 -0.024744 -0.398365 58.204748 0.050001 0.047484
-3.333333 10.193859 -0.012464 -0.380230 40.828445 0.050001 0.047478
-3.333333 11.733329 -0.015956 -0.386950 47.210126 0.050000 0.047478
-3.333333 13.336554 -0.025869 -0.385883 57.762441 0.050000 0.047479
-3.333333 15.000000 -0.025869 -0.388018 68.314757 0.050000 0.047480
-2.000000 -4.331754 0.000000 0.500000 -211.845046 1.000000 0.000000
-2.000000 -3.190854 0.260858 0.501682 -211.845046 0.135880 0.000000
-2.000000 -2.086070 0.335216 0.494864 -230.239476 0.054305 0.000000
-2.000000 -1.000000 0.396184 0.541219 -232.567305 0.050126 0.000010
-2.000000 0.085330 0.462078 0.703950 -224.514777 0.049975 0.000243
-2.000000 1.185049 0.140411 0.759922 -202.564440 0.049973 0.002477
-2.000000 2.312766 0.051448 0.666758 -173.504556 0.049977 0.002580
-2.000000 3.480621 0.004456 0.597380 -123.376294 0.049984 0.002552
-2.000000 4.698747 -0.026343 0.526704 -55.781454 0.049993 0.002537
-2.000000 5.974949 -0.049995 0.467904 -16.184497 0.049997 0.002529
-2.000000 7.314577 -0.058997 0.481111 -4.781893 0.049999 0.002522
-2.000000 8.720607 -0.030863 0.529444 14.157689 0.050001 0.002518
-2.000000 10.193859 -0.035006 0.549388 18.874240 0.050001 0.002517
-2.000000 11.733329 -0.028078 0.549364 24.198951 0.050002 0.002516
-2.000000 13.336554 -0.030586 0.550448 45.065346 0.050004 0.002516
-2.000000 15.000000 -0.030586 0.548281 65.931741 0.050006 0.002516
-0.666667 -4.331754 0.000000 0.500000 -193.574154 1.000000 0.000000
-0.666667 -3.190854 0.224713 0.520650 -193.574154 0.135939 0.000000
-0.666667 -2.086070 0.273319 0.521168 -206.749005 0.054365 0.000000
-0.666667 -1.000000 0.277834 0.545368 -204.862848 0.050134 0.000000
-0.666667 0.085330 0.262109 0.650688 -203.991061 0.049978 0.000006
-0.666667 1.185049 0.160540 0.687716 -179.520672 0.049978 0.000073
-0.666667 2.312766 0.095361 0.635118 -159.045757 0.049981 0.000074
-0.666667 3.480621 0.039847 0.590290 -127.763469 0.049985 0.000071
-0.666667 4.698747 -0.001433 0.536943 -55.177434 0.049994 0.000070
-0.666667 5.974949 -0.027727 0.486263 -5.471111 0.049999 0.000069
-0.666667 7.314577 -0.054897 0.523046 -36.579366 0.049996 0.000068
-0.666667 8.720607 -0.046832 0.586415 -42.252801 0.049996 0.000068
-0.666667 10.193859 -0.023821 0.596561 -28.403409 0.049997 0.000068
-0.666667 11.733329 -0.022642 0.582992 -8.970305 0.049999 0.000068
-0.666667 13.336554 -0.058951 0.593645 41.727046 0.050004 0.000068
-0.666667 15.000000 -0.058951 0.572339 92.424398 0.050008 0.000068
0.666667 -4.331754 0.000000 0.500000 -182.571942 1.000000 0.000000
0.666667 -3.190854 0.160790 0.533352 -182.571942 0.135959 0.000000
0.666667 -2.086070 0.196312 0.532305 -184.295778 0.054383 0.000000
0.666667 -1.000000 0.195007 0.528548 -187.754231 0.050137 0.000000
0.666667 0.085330 0.175245 0.604615 -211.781862 0.049977 0.000000
0.666667 1.185049 0.135536 0.630685 -186.214890 0.049977 0.000001
0.666667 2.312766 0.098646 0.579314 -150.427455 0.049982 0.000001
0.666667 3.480621 0.052378 0.536053 -108.119411 0.049987 0.000001
0.666667 4.698747 0.006310 0.499294 -32.935556 0.049996 0.000001
0.666667 5.974949 -0.017786 0.457522 6.150321 0.050001 0.000001
0.666667 7.314577 -0.041419 0.505048 -50.373137 0.049995 0.000001
0.666667 8.720607 -0.053382 0.600640 -72.931640 0.049993 0.000001
0.666667 10.193859 -0.024307 0.613491 -59.159018 0.049995 0.000001
0.666667 11.733329 -0.019246 0.562221 -31.786800 0.049997 0.000001
0.666667 13.336554 -0.062009 0.594537 34.039975 0.050003 0.000001
0.666667 15.000000 -0.062009 0.529904 99.866750 0.050009 0.000001
2.000000 -4.331754 0.000000 0.500000 -146.907862 1.000000 0.000000
2.000000 -3.190854 0.115911 0.543715 -146.907862 0.135971 0.000000
2.000000 -2.086070 0.133440 0.542833 -137.615156 0.054390 0.000000
2.000000 -1.000000 0.127966 0.519600 -154.588294 0.050141 0.000000
2.000000 0.085330 0.119929 0.577788 -198.641294 0.049979 0.000000
2.000000 1.185049 0.096081 0.595451 -176.504801 0.049978 0.000000
2.000000 2.312766 0.070743 0.538616 -141.239310 0.049983 0.000000
2.000000 3.480621 0.047522 0.487251 -88.649641 0.049990 0.000000
2.000000 4.698747 0.012635 0.461688 -18.514297 0.049998 0.000000
2.000000 5.974949 -0.016914 0.437949 -14.020095 0.049999 0.000000
2.000000 7.314577 -0.028033 0.488577 -83.943079 0.049991 0.000000
2.000000 8.720607 -0.036856 0.601805 -98.808676 0.049990 0.000000
2.000000 10.193859 -0.024145 0.627709 -70.525208 0.049993 0.000000
2.000000 11.733329 -0.019162 0.552343 -43.817314 0.049996 0.000000
2.000000 13.336554 -0.046658 0.602881 6.915374 0.050001 0.000000
2.000000 15.000000 -0.046658 0.501806 57.648061 0.050005 0.000000
3.333333 -4.331754 0.000000 0.500000 -128.210305 1.000000 0.000000
3.333333 -3.190854 0.069187 0.541567 -128.210305 0.135976 0.000000
3.333333 -2.086070 0.063232 0.533978 -115.368898 0.054390 0.000000
3.333333 -1.000000 0.049923 0.512135 -138.609167 0.050142 0.000000
3.333333 0.085330 0.054530 0.565749 -175.324209 0.049982 0.000000
3.333333 1.185049 0.045206 0.571651 -148.170520 0.049981 0.000000
3.333333 2.312766 0.033088 0.522699 -133.517786 0.049984 0.000000
3.333333 3.480621 0.040145 0.471247 -79.584018 0.049991 0.000000
3.333333 4.698747 0.026387 0.430152 -2.423704 0.050000 0.000000
3.333333 5.974949 -0.016522 0.415482 -23.724148 0.049998 0.000000
3.333333 7.314577 -0.030637 0.485497 -105.439852 0.049989 0.000000
3.333333 8.720607 -0.021836 0.603673 -118.891039 0.049988 0.000000
3.333333 10.193859 -0.015153 0.629223 -78.077683 0.049993 0.000000
3.333333 11.733329 -0.013948 0.543476 -55.272271 0.049995 0.000000
3.333333 13.336554 -0.028353 0.603085 -32.369189 0.049997 0.000000
3.333333 15.000000 -0.028353 0.483867 -9.466107 0.049999 0.000000
4.666667 -4.331754 0.000000 0.500000 -148.170118 1.000000 0.000000
4.666667 -3.190854 0.020552 0.528976 -148.170118 0.135970 0.000000
4.666667 -2.086070 0.012393 0.510739 -141.147225 0.054384 0.000000
4.666667 -1.000000 0.004609 0.506793 -166.114382 0.050139 0.000000
4.666667 0.085330 0.009830 0.570099 -182.888019 0.049981 0.000000
4.666667 1.185049 0.009800 0.568141 -136.759207 0.049983 0.000000
4.666667 2.312766 0.008251 0.530996 -133.633372 0.049984 0.000000
4.666667 3.480621 0.018260 0.479203 -85.117241 0.049990 0.000000
4.666667 4.698747 0.015998 0.401057 -2.282429 0.050000 0.000000
4.666667 5.974949 -0.008810 0.378493 -29.177828 0.049997 0.000000
4.666667 7.314577 -0.019402 0.482349 -110.195408 0.049989 0.000000
4.666667 8.720607 -0.011114 0.615688 -126.368614 0.049988 0.000000
4.666667 10.193859 -0.006020 0.634374 -82.291353 0.049992 0.000000
4.666667 11.733329 -0.004960 0.541095 -64.286735 0.049994 0.000000
4.666667 13.336554 -0.008705 0.604638 -63.227805 0.049995 0.000000
4.666667 15.000000 -0.008705 0.477553 -62.168875 0.049995 0.000000
6.000000 -4.331754 0.000000 0.500000 -148.170118 1.000000 0.000000
6.000000 -3.190854 0.000000 0.528976 -148.170118 0.135970 0.000000
6.000000 -2.086070 0.000000 0.510739 -141.147225 0.054384 0.000000
6.000000 -1.000000 0.000000 0.506793 -166.114382 0.050139 0.000000
6.000000 0.085330 0.000000 0.570099 -182.888019 0.049981 0.000000
6.000000 1.185049 0.000000 0.568141 -136.759207 0.049983 0.000000
6.000000 2.312766 0.000000 0.530996 -133.633372 0.049984 0.000000
6.000000 3.480621 0.000000 0.479203 -85.117241 0.049990 0.000000
6.000000 4.698747 0.000000 0.401057 -2.282429 0.050000 0.000000
6.000000 5.974949 0.000000 0.378493 -29.177828 0.049997 0.000000
6.000000 7.314577 0.000000 0.482349 -110.195408 0.049989 0.000000
6.000000 8.720607 0.000000 0.615688 -126.368614 0.049988 0.000000
6.000000 10.193859 0.000000 0.634374 -82.291353 0.049992 0.000000
6.000000 11.733329 0.000000 0.541095 -64.286735 0.049994 0.000000
6.000000 13.336554 0.000000 0.604638 -63.227805 0.049995 0.000000
6.000000 15.000000 0.000000 0.485275 -62.168875 0.049995 0.000000
