itc_max: 2, nc: 1, n_tr: 10, n_out: 100, n_vort: 100
beta: 1300.000000, b_art: 0.000000, dtau_f: 1000000.000000, final_time: 1.000000,
eps: 0.000100, eps_mass: 0.000100, start_mode: 0
tnu: 3.990000, yf_b: 1.000000, yo_oo: 0.210000, ts: 300.000000, tn_too: 1.000000
xm[2]: -5.333333333333333925452279800083
xm[3]: -4.000000000000000000000000000000
xm[4]: -2.666666666666666962726139900042
xm[5]: -1.333333333333333481363069950021
xm[6]: -0.000000000000000444089209850063
xm[7]: 1.333333333333333037273860099958
xm[8]: 2.666666666666666074547720199917
xm[9]: 3.999999999999999111821580299875
xm[10]: 5.333333333333333037273860099958
dx = 1.333333 [mm]
dy = 1.663446 [mm]
[1][1] = 0.000000
[1][2] = 0.000000
[1][3] = 0.000000
[1][4] = 0.000000
[1][5] = 0.000000
[1][6] = 0.000000
[1][7] = 0.000000
[1][8] = 0.000000
[1][9] = 0.000000
[1][10] = 0.000000
[1][11] = 0.000000
[1][12] = 0.000000
[1][13] = 0.000000
[1][14] = 0.000000
[1][15] = 0.000000
[1][16] = 0.000000
[2][1] = 0.000000
[2][2] = -0.002449
[2][3] = -0.002463
[2][4] = -0.002465
[2][5] = -0.002465
[2][6] = -0.001242
[2][7] = -0.001242
[2][8] = -0.001242
[2][9] = -0.001242
[2][10] = -0.001242
[2][11] = -0.001242
[2][12] = -0.001242
[2][13] = -0.001242
[2][14] = -0.001242
[2][15] = -0.001242
[2][16] = -0.001242
[3][1] = 0.000000
[3][2] = -0.004963
[3][3] = -0.004978
[3][4] = -0.004981
[3][5] = -0.004980
[3][6] = -0.003732
[3][7] = -0.003731
[3][8] = -0.003730
[3][9] = -0.003729
[3][10] = -0.003727
[3][11] = -0.003726
[3][12] = -0.003724
[3][13] = -0.003723
[3][14] = -0.003721
[3][15] = -0.003720
[3][16] = -0.003720
[4][1] = 0.000000
[4][2] = -0.005030
[4][3] = -0.005032
[4][4] = -0.005032
[4][5] = -0.005032
[4][6] = -0.005006
[4][7] = -0.005005
[4][8] = -0.005004
[4][9] = -0.005002
[4][10] = -0.005001
[4][11] = -0.004999
[4][12] = -0.004998
[4][13] = -0.004996
[4][14] = -0.004995
[4][15] = -0.004993
[4][16] = -0.004993
[5][1] = 0.000000
[5][2] = -0.005031
[5][3] = -0.005032
[5][4] = -0.005032
[5][5] = -0.005032
[5][6] = -0.005032
[5][7] = -0.005032
[5][8] = -0.005032
[5][9] = -0.005032
[5][10] = -0.005032
[5][11] = -0.005032
[5][12] = -0.005032
[5][13] = -0.005032
[5][14] = -0.005032
[5][15] = -0.005032
[5][16] = -0.005032
[6][1] = 0.000000
[6][2] = -0.005031
[6][3] = -0.005032
[6][4] = -0.005032
[6][5] = -0.005032
[6][6] = -0.005032
[6][7] = -0.005032
[6][8] = -0.005032
[6][9] = -0.005032
[6][10] = -0.005032
[6][11] = -0.005032
[6][12] = -0.005032
[6][13] = -0.005032
[6][14] = -0.005032
[6][15] = -0.005032
[6][16] = -0.005032
[7][1] = 0.000000
[7][2] = -0.005030
[7][3] = -0.005032
[7][4] = -0.005032
[7][5] = -0.005032
[7][6] = -0.005032
[7][7] = -0.005032
[7][8] = -0.005032
[7][9] = -0.005031
[7][10] = -0.005031
[7][11] = -0.005031
[7][12] = -0.005031
[7][13] = -0.005031
[7][14] = -0.005031
[7][15] = -0.005031
[7][16] = -0.005031
[8][1] = 0.000000
[8][2] = -0.004959
[8][3] = -0.004981
[8][4] = -0.004981
[8][5] = -0.004980
[8][6] = -0.004979
[8][7] = -0.004978
[8][8] = -0.004976
[8][9] = -0.004973
[8][10] = -0.004970
[8][11] = -0.004967
[8][12] = -0.004964
[8][13] = -0.004961
[8][14] = -0.004958
[8][15] = -0.004955
[8][16] = -0.004955
[9][1] = 0.000000
[9][2] = -0.002444
[9][3] = -0.002466
[9][4] = -0.002465
[9][5] = -0.002465
[9][6] = -0.002464
[9][7] = -0.002462
[9][8] = -0.002460
[9][9] = -0.002458
[9][10] = -0.002455
[9][11] = -0.002452
[9][12] = -0.002449
[9][13] = -0.002446
[9][14] = -0.002443
[9][15] = -0.002441
[9][16] = -0.002441
[10][1] = 0.000000
[10][2] = 0.000000
[10][3] = 0.000000
[10][4] = 0.000000
[10][5] = 0.000000
[10][6] = 0.000000
[10][7] = 0.000000
[10][8] = 0.000000
[10][9] = 0.000000
[10][10] = 0.000000
[10][11] = 0.000000
[10][12] = 0.000000
[10][13] = 0.000000
[10][14] = 0.000000
[10][15] = 0.000000
[10][16] = 0.000000
