    0.000000       1.4884546E-06   4.4964631E-06   1.1660661E-05 
   2.8704955E-05   6.7949979E-05   1.5491743E-04   3.4014427E-04 
   7.1904162E-04   1.4629859E-03   2.8641222E-03   5.3936569E-03 
   9.7678304E-03   1.7007152E-02   2.8464315E-02   4.5788508E-02 
   7.0794575E-02   0.1052212       0.1503946       0.2068585     
   0.2740662       0.3502427       0.4324891       0.5171347     
   0.6004270       0.6786477       0.7487571       0.8087294     
   0.8576931       0.8958545       0.9242545       0.9444425     
   0.9581543       0.9670553       0.9725788       0.9758549     
   0.9777111       0.9787142       0.9792291       0.9794780     
   0.9795890       0.9796322       0.9796439       0.9796421     
   0.9796352       0.9796270       0.9796190       0.9796117     
   0.9796053       0.9795996       0.9795947       0.9795904     
   0.9795868       0.9795836       0.9795809       0.9795786     
   0.9795765       0.9795748       0.9795733       0.9795721     
   0.9795709       0.9795700       0.9795693       0.9795686     
   0.9795681       0.9795676       0.9795672       0.9795669     
   0.9795666       0.9795664       0.9795663       0.9795662     
   0.9795660       0.9795660       0.9795659       0.9795659     
   0.9795659       0.9795659       0.9795659       0.9795660     
   0.9795660       0.9795661       0.9795662       0.9795662    
    0.000000       1.4884546E-06   4.4964631E-06   1.1660661E-05 
   2.8704955E-05   6.7949979E-05   1.5491743E-04   3.4014427E-04 
   7.1904162E-04   1.4629859E-03   2.8641222E-03   5.3936569E-03 
   9.7678304E-03   1.7007152E-02   2.8464315E-02   4.5788508E-02 
   7.0794575E-02   0.1052212       0.1503946       0.2068585     
   0.2740662       0.3502427       0.4324891       0.5171347     
   0.6004270       0.6786477       0.7487571       0.8087294     
   0.8576931       0.8958545       0.9242545       0.9444425     
   0.9581543       0.9670553       0.9725788       0.9758549     
   0.9777111       0.9787142       0.9792291       0.9794780     
   0.9795890       0.9796322       0.9796439       0.9796421     
   0.9796352       0.9796270       0.9796190       0.9796117     
   0.9796053       0.9795996       0.9795947       0.9795904     
   0.9795868       0.9795836       0.9795809       0.9795786     
   0.9795765       0.9795748       0.9795733       0.9795721     
   0.9795709       0.9795700       0.9795693       0.9795686     
   0.9795681       0.9795676       0.9795672       0.9795669     
   0.9795666       0.9795664       0.9795663       0.9795662     
   0.9795660       0.9795660       0.9795659       0.9795659     
   0.9795659       0.9795659       0.9795659       0.9795660     
   0.9795660       0.9795661       0.9795662       0.9795662    
    0.000000       1.4673635E-06   4.4330100E-06   1.1497001E-05 
   2.8304688E-05   6.7009780E-05   1.5279371E-04   3.3553303E-04 
   7.0942281E-04   1.4437221E-03   2.8271028E-03   5.3254319E-03 
   9.6473070E-03   1.6803132E-02   2.8133426E-02   4.5274239E-02 
   7.0028134E-02   0.1041245       0.1488852       0.2048552     
   0.2714954       0.3470446       0.4286250       0.5125968     
   0.5952477       0.6728870       0.7424908       0.8020411     
   0.8506661       0.8885666       0.9167730       0.9368223     
   0.9504377       0.9592733       0.9647528       0.9679992     
   0.9698350       0.9708234       0.9713273       0.9715677     
   0.9716718       0.9717091       0.9717158       0.9717098     
   0.9716993       0.9716880       0.9716772       0.9716675     
   0.9716590       0.9716516       0.9716451       0.9716395     
   0.9716347       0.9716305       0.9716269       0.9716237     
   0.9716210       0.9716187       0.9716167       0.9716150     
   0.9716135       0.9716123       0.9716112       0.9716102     
   0.9716095       0.9716088       0.9716082       0.9716077     
   0.9716073       0.9716070       0.9716067       0.9716064     
   0.9716063       0.9716061       0.9716060       0.9716059     
   0.9716058       0.9716058       0.9716057       0.9716057     
   0.9716057       0.9716057       0.9716057       0.9716057    
    0.000000       1.4243539E-06   4.3035407E-06   1.1162780E-05 
   2.7486407E-05   6.5085362E-05   1.4844084E-04   3.2606683E-04 
   6.8964175E-04   1.4040259E-03   2.7506438E-03   5.1841582E-03 
   9.3970150E-03   1.6378088E-02   2.7441673E-02   4.4195160E-02 
   6.8413876E-02   0.1018061       0.1456830       0.2005919     
   0.2660092       0.3402033       0.4203419       0.5028510     
   0.5841061       0.6604757       0.7289718       0.7875942     
   0.8354732       0.8727979       0.9005771       0.9203209     
   0.9337246       0.9424170       0.9478009       0.9509834     
   0.9527755       0.9537331       0.9542143       0.9544370     
   0.9545268       0.9545524       0.9545492       0.9545346     
   0.9545168       0.9544991       0.9544828       0.9544683     
   0.9544556       0.9544446       0.9544350       0.9544267     
   0.9544195       0.9544132       0.9544078       0.9544032     
   0.9543990       0.9543955       0.9543925       0.9543899     
   0.9543876       0.9543856       0.9543839       0.9543824     
   0.9543812       0.9543801       0.9543791       0.9543783     
   0.9543776       0.9543769       0.9543765       0.9543760     
   0.9543756       0.9543752       0.9543749       0.9543747     
   0.9543744       0.9543743       0.9543741       0.9543740     
   0.9543738       0.9543737       0.9543737       0.9543735    
    0.000000       1.3582173E-06   4.1042781E-06   1.0647776E-05 
   2.6223712E-05   6.2110885E-05   1.4170012E-04   3.1137592E-04 
   6.5886613E-04   1.3420897E-03   2.6309595E-03   4.9622012E-03 
   9.0021500E-03   1.5704464E-02   2.6339917E-02   4.2467456E-02 
   6.5815262E-02   9.8053925E-02   0.1404743       0.1936255     
   0.2570100       0.3289446       0.4066719       0.4867265     
   0.5656301       0.6398505       0.7064623       0.7634996     
   0.8101008       0.8464379       0.8734847       0.8927058     
   0.9057488       0.9141989       0.9194225       0.9224992     
   0.9242205       0.9251289       0.9255745       0.9257700     
   0.9258383       0.9258460       0.9258279       0.9258005     
   0.9257717       0.9257444       0.9257199       0.9256983     
   0.9256794       0.9256630       0.9256487       0.9256364     
   0.9256256       0.9256163       0.9256082       0.9256011     
   0.9255950       0.9255897       0.9255851       0.9255811     
   0.9255776       0.9255746       0.9255720       0.9255697     
   0.9255677       0.9255659       0.9255644       0.9255630     
   0.9255618       0.9255608       0.9255599       0.9255591     
   0.9255584       0.9255578       0.9255573       0.9255567     
   0.9255563       0.9255559       0.9255555       0.9255552     
   0.9255549       0.9255547       0.9255545       0.9255542    
    0.000000       1.2682536E-06   3.8329463E-06   9.9455401E-06 
   2.4499192E-05   5.8040991E-05   1.3245724E-04   2.9118211E-04 
   6.1644259E-04   1.2564333E-03   2.4648218E-03   4.6527912E-03 
   8.4490897E-03   1.4755989E-02   2.4779696E-02   4.0005825E-02 
   6.2089339E-02   9.2640251E-02   0.1329146       0.1834622     
   0.2438238       0.3123905       0.3865147       0.4628886     
   0.5382486       0.6092108       0.6729499       0.7275611     
   0.7722020       0.8070234       0.8329477       0.8513701     
   0.8638650       0.8719496       0.8769344       0.8798561     
   0.8814754       0.8823150       0.8827119       0.8828712     
   0.8829110       0.8828956       0.8828582       0.8828143     
   0.8827714       0.8827320       0.8826969       0.8826661     
   0.8826393       0.8826160       0.8825957       0.8825781     
   0.8825628       0.8825495       0.8825379       0.8825278     
   0.8825191       0.8825115       0.8825048       0.8824990     
   0.8824940       0.8824896       0.8824857       0.8824824     
   0.8824794       0.8824768       0.8824745       0.8824725     
   0.8824707       0.8824692       0.8824677       0.8824665     
   0.8824654       0.8824644       0.8824635       0.8824627     
   0.8824619       0.8824612       0.8824607       0.8824601     
   0.8824596       0.8824591       0.8824587       0.8824582    
    0.000000       1.1553003E-06   3.4919201E-06   9.0617132E-06 
   2.2325257E-05   5.2901058E-05   1.2075957E-04   2.6556238E-04 
   5.6246738E-04   1.1470963E-03   2.2519566E-03   4.2546606E-03 
   7.7340030E-03   1.3523028E-02   2.2739487E-02   3.6766380E-02 
   5.7153512E-02   8.5420802E-02   0.1227696       0.1697470     
   0.2259494       0.2898760       0.3590316       0.4303160     
   0.5007443       0.5671405       0.6268325       0.6780160     
   0.7198850       0.7525657       0.7769084       0.7942103     
   0.8059406       0.8135202       0.8181791       0.8208929     
   0.8223791       0.8231311       0.8234680       0.8235838     
   0.8235903       0.8235483       0.8234887       0.8234261     
   0.8233672       0.8233140       0.8232669       0.8232257     
   0.8231899       0.8231587       0.8231316       0.8231080     
   0.8230875       0.8230696       0.8230541       0.8230406     
   0.8230288       0.8230185       0.8230096       0.8230017     
   0.8229948       0.8229888       0.8229836       0.8229789     
   0.8229749       0.8229712       0.8229681       0.8229653     
   0.8229628       0.8229606       0.8229585       0.8229567     
   0.8229551       0.8229537       0.8229523       0.8229511     
   0.8229500       0.8229490       0.8229481       0.8229473     
   0.8229465       0.8229458       0.8229451       0.8229445    
    0.000000       1.0225747E-06   3.0908170E-06   8.0209120E-06 
   1.9761586E-05   4.6829777E-05   1.0691617E-04   2.3517630E-04 
   4.9828592E-04   1.0166966E-03   1.9972094E-03   3.7763098E-03 
   6.8709622E-03   1.2027413E-02   2.0250697E-02   3.2790367E-02 
   5.1055722E-02   7.6441824E-02   0.1100693       0.1524753     
   0.2033318       0.2612925       0.3240702       0.3888166     
   0.4528494       0.5132848       0.5676762       0.6143672     
   0.6526082       0.6824945       0.7047803       0.7206317     
   0.7313789       0.7383149       0.7425641       0.7450214     
   0.7463475       0.7469980       0.7472676       0.7473366     
   0.7473083       0.7472390       0.7471570       0.7470758     
   0.7470008       0.7469338       0.7468747       0.7468232     
   0.7467782       0.7467391       0.7467052       0.7466756     
   0.7466497       0.7466273       0.7466077       0.7465906     
   0.7465757       0.7465627       0.7465513       0.7465413     
   0.7465325       0.7465248       0.7465180       0.7465121     
   0.7465068       0.7465021       0.7464980       0.7464943     
   0.7464910       0.7464880       0.7464854       0.7464830     
   0.7464809       0.7464789       0.7464771       0.7464755     
   0.7464740       0.7464725       0.7464713       0.7464701     
   0.7464691       0.7464681       0.7464672       0.7464663    
    0.000000       8.7597493E-07   2.6474481E-06   6.8693266E-06 
   1.6921878E-05   4.0096122E-05   9.1539208E-05   2.0136363E-04 
   4.2671559E-04   8.7092252E-04   1.7115985E-03   3.2381963E-03 
   5.8963303E-03   1.0330948E-02   1.7413614E-02   2.8232809E-02 
   4.4023767E-02   6.6020608E-02   9.5231637E-02   0.1321682     
   0.1765904       0.2273577       0.2824718       0.3393914     
   0.3956727       0.4488648       0.4968145       0.5380579     
   0.5719147       0.5984367       0.6182562       0.6323767     
   0.6419581       0.6481379       0.6519119       0.6540778     
   0.6552271       0.6557694       0.6559709       0.6559947     
   0.6559342       0.6558405       0.6557389       0.6556414     
   0.6555526       0.6554736       0.6554043       0.6553437     
   0.6552909       0.6552449       0.6552048       0.6551698     
   0.6551394       0.6551127       0.6550895       0.6550692     
   0.6550514       0.6550358       0.6550221       0.6550100     
   0.6549995       0.6549902       0.6549820       0.6549747     
   0.6549683       0.6549625       0.6549575       0.6549529     
   0.6549488       0.6549452       0.6549419       0.6549389     
   0.6549361       0.6549337       0.6549314       0.6549293     
   0.6549274       0.6549255       0.6549239       0.6549224     
   0.6549211       0.6549199       0.6549187       0.6549175    
    0.000000       7.2361195E-07   2.1864134E-06   5.6711042E-06 
   1.3965032E-05   3.3078682E-05   7.5497468E-05   1.6604413E-04 
   3.5183967E-04   7.1813038E-04   1.4115705E-03   2.6714362E-03 
   4.8666750E-03   8.5323825E-03   1.4393656E-02   2.3359369E-02 
   3.6466178E-02   5.4757718E-02   7.9098657E-02   0.1099474     
   0.1471398       0.1897580       0.2361601       0.2842256     
   0.3318039       0.3768564       0.4175789       0.4527372     
   0.4817165       0.5045073       0.5215989       0.5338117     
   0.5421150       0.5474725       0.5507367       0.5525962     
   0.5535650       0.5540018       0.5541406       0.5541254     
   0.5540392       0.5539269       0.5538111       0.5537019     
   0.5536033       0.5535159       0.5534391       0.5533720     
   0.5533134       0.5532623       0.5532176       0.5531787     
   0.5531446       0.5531147       0.5530885       0.5530656     
   0.5530455       0.5530278       0.5530122       0.5529985     
   0.5529863       0.5529757       0.5529661       0.5529577     
   0.5529502       0.5529435       0.5529376       0.5529322     
   0.5529274       0.5529230       0.5529191       0.5529155     
   0.5529122       0.5529093       0.5529065       0.5529040     
   0.5529016       0.5528994       0.5528974       0.5528955     
   0.5528939       0.5528924       0.5528911       0.5528897    
    0.000000       5.7461017E-07   1.7354486E-06   4.4987655E-06 
   1.1071222E-05   2.6208212E-05   5.9783408E-05   1.3142133E-04 
   2.7837165E-04   5.6803116E-04   1.1163913E-03   2.1128280E-03 
   3.8496447E-03   6.7513916E-03   1.1394509E-02   1.8503496E-02 
   2.8907873E-02   4.3447614E-02   6.2826060E-02   8.7428465E-02 
   0.1171474       0.1512738       0.1885158       0.2271849     
   0.2655269       0.3020366       0.3352694       0.3641424     
   0.3880748       0.4069935       0.4212488       0.4314772     
   0.4384535       0.4429618       0.4457051       0.4472570     
   0.4480504       0.4483895       0.4484746       0.4484295     
   0.4483258       0.4482025       0.4480790       0.4479640     
   0.4478605       0.4477689       0.4476884       0.4476179     
   0.4475563       0.4475024       0.4474552       0.4474138     
   0.4473775       0.4473456       0.4473175       0.4472929     
   0.4472711       0.4472519       0.4472349       0.4472199     
   0.4472066       0.4471948       0.4471842       0.4471748     
   0.4471665       0.4471590       0.4471522       0.4471462     
   0.4471407       0.4471357       0.4471312       0.4471271     
   0.4471233       0.4471199       0.4471167       0.4471137     
   0.4471109       0.4471083       0.4471060       0.4471038     
   0.4471019       0.4471002       0.4470987       0.4470971    
    0.000000       4.3751379E-07   1.3205505E-06   3.4203554E-06 
   8.4096928E-06   1.9889865E-05   4.5332064E-05   9.9575744E-05 
   2.1077410E-04   4.2985080E-04   8.4444141E-04   1.5976555E-03 
   2.9104960E-03   5.1042354E-03   8.6156763E-03   1.3994917E-02 
   2.1873714E-02   3.2894988E-02   4.7602426E-02   6.6303596E-02 
   8.8937439E-02   0.1149909       0.1435105       0.1732361     
   0.2028331       0.2311089       0.2569741       0.2795792     
   0.2984312       0.3134222       0.3247791       0.3329656     
   0.3385678       0.3421924       0.3443922       0.3456242     
   0.3462372       0.3464787       0.3465130       0.3464422     
   0.3463259       0.3461964       0.3460697       0.3459529     
   0.3458481       0.3457554       0.3456739       0.3456025     
   0.3455399       0.3454849       0.3454367       0.3453943     
   0.3453569       0.3453240       0.3452949       0.3452693     
   0.3452465       0.3452264       0.3452085       0.3451926     
   0.3451784       0.3451658       0.3451545       0.3451444     
   0.3451354       0.3451272       0.3451199       0.3451132     
   0.3451072       0.3451018       0.3450968       0.3450922     
   0.3450880       0.3450842       0.3450806       0.3450772     
   0.3450741       0.3450712       0.3450685       0.3450661     
   0.3450640       0.3450621       0.3450604       0.3450587    
    0.000000       3.1881314E-07   9.6146402E-07   2.4875292E-06 
   6.1088481E-06   1.4430884E-05   3.2852389E-05   7.2085255E-05 
   1.5243415E-04   3.1060123E-04   6.0971879E-04   1.1528603E-03 
   2.0992141E-03   3.6802951E-03   6.2111611E-03   1.0089235E-02 
   1.5772201E-02   2.3728181E-02   3.4357343E-02   4.7894340E-02 
   6.4313464E-02   8.3267838E-02   0.1040941       0.1258993     
   0.1477091       0.1686092       0.1877904       0.2046238     
   0.2187292       0.2300009       0.2385791       0.2447854     
   0.2490414       0.2517930       0.2534531       0.2543677     
   0.2548038       0.2549525       0.2549418       0.2548518     
   0.2547293       0.2545998       0.2544756       0.2543620     
   0.2542604       0.2541707       0.2540917       0.2540224     
   0.2539614       0.2539079       0.2538607       0.2538190     
   0.2537822       0.2537497       0.2537209       0.2536953     
   0.2536726       0.2536524       0.2536344       0.2536183     
   0.2536039       0.2535911       0.2535795       0.2535692     
   0.2535598       0.2535514       0.2535438       0.2535369     
   0.2535306       0.2535248       0.2535196       0.2535148     
   0.2535104       0.2535062       0.2535024       0.2534989     
   0.2534955       0.2534924       0.2534896       0.2534870     
   0.2534847       0.2534828       0.2534810       0.2534793    
    0.000000       2.2205059E-07   6.6894523E-07   1.7283405E-06 
   4.2381857E-06   9.9970157E-06   2.2725779E-05   4.9797032E-05 
   1.0516848E-04   2.1404357E-04   4.1974004E-04   7.9294125E-04 
   1.4427841E-03   2.5280125E-03   4.2647975E-03   6.9262185E-03 
   1.0827638E-02   1.6293349E-02   2.3603858E-02   3.2930028E-02 
   4.4268508E-02   5.7399068E-02   7.1883895E-02   8.7118872E-02 
   0.1024241       0.1171377       0.1306770       0.1425920     
   0.1526069       0.1606350       0.1667618       0.1712023     
   0.1742467       0.1762073       0.1773774       0.1780052     
   0.1782845       0.1783550       0.1783109       0.1782114     
   0.1780912       0.1779689       0.1778537       0.1777490     
   0.1776558       0.1775734       0.1775009       0.1774371     
   0.1773809       0.1773314       0.1772876       0.1772490     
   0.1772147       0.1771843       0.1771572       0.1771332     
   0.1771117       0.1770926       0.1770754       0.1770601     
   0.1770463       0.1770340       0.1770228       0.1770128     
   0.1770037       0.1769955       0.1769881       0.1769814     
   0.1769752       0.1769696       0.1769644       0.1769597     
   0.1769553       0.1769512       0.1769474       0.1769439     
   0.1769405       0.1769374       0.1769346       0.1769320     
   0.1769297       0.1769278       0.1769261       0.1769244    
    0.000000       1.4771720E-07   4.4444889E-07   1.1464438E-06 
   2.8063728E-06   6.6080556E-06   1.4996082E-05   3.2805747E-05 
   6.9177055E-05   1.4059189E-04   2.7534636E-04   5.1957328E-04 
   9.4446604E-04   1.6535684E-03   2.7879509E-03   4.5260661E-03 
   7.0745787E-03   1.0647197E-02   1.5431038E-02   2.1544380E-02 
   2.8994756E-02   3.7650120E-02   4.7235373E-02   5.7360563E-02 
   6.7574322E-02   7.7424958E-02   8.6511545E-02   9.4524287E-02 
   0.1012716       0.1066887       0.1108267       0.1138244     
   0.1158737       0.1171834       0.1179515       0.1183477     
   0.1185047       0.1185195       0.1184574       0.1183596     
   0.1182504       0.1181426       0.1180424       0.1179519     
   0.1178714       0.1178004       0.1177378       0.1176826     
   0.1176340       0.1175910       0.1175529       0.1175192     
   0.1174892       0.1174626       0.1174388       0.1174176     
   0.1173986       0.1173816       0.1173664       0.1173527     
   0.1173404       0.1173293       0.1173193       0.1173102     
   0.1173021       0.1172946       0.1172879       0.1172817     
   0.1172761       0.1172710       0.1172663       0.1172619     
   0.1172579       0.1172541       0.1172506       0.1172474     
   0.1172443       0.1172414       0.1172388       0.1172364     
   0.1172343       0.1172325       0.1172310       0.1172294    
    0.000000       9.3838239E-08   2.8192730E-07   7.2586306E-07 
   1.7732865E-06   4.1671074E-06   9.4381094E-06   2.0608037E-05 
   4.3378343E-05   8.8013578E-05   1.7211161E-04   3.2433186E-04 
   5.8886950E-04   1.0299837E-03   1.7352527E-03   2.8156014E-03 
   4.3998472E-03   6.6219363E-03   9.6005434E-03   1.3413267E-02 
   1.8070683E-02   2.3497701E-02   2.9529534E-02   3.5926286E-02 
   4.2403489E-02   4.8670102E-02   5.4464404E-02   5.9582673E-02 
   6.3897491E-02   6.7363329E-02   7.0009306E-02   7.1921848E-02 
   7.3222131E-02   7.4043654E-02   7.4513987E-02   7.4742973E-02 
   7.4817337E-02   7.4800432E-02   7.4735306E-02   7.4649125E-02 
   7.4557729E-02   7.4469469E-02   7.4388184E-02   7.4315131E-02 
   7.4250288E-02   7.4193023E-02   7.4142531E-02   7.4097984E-02 
   7.4058622E-02   7.4023783E-02   7.3992871E-02   7.3965408E-02 
   7.3940948E-02   7.3919132E-02   7.3899642E-02   7.3882200E-02 
   7.3866569E-02   7.3852539E-02   7.3839925E-02   7.3828571E-02 
   7.3818333E-02   7.3809095E-02   7.3800735E-02   7.3793165E-02 
   7.3786303E-02   7.3780067E-02   7.3774390E-02   7.3769204E-02 
   7.3764466E-02   7.3760122E-02   7.3756129E-02   7.3752441E-02 
   7.3749021E-02   7.3745847E-02   7.3742874E-02   7.3740087E-02 
   7.3737480E-02   7.3735029E-02   7.3732764E-02   7.3730715E-02 
   7.3728919E-02   7.3727399E-02   7.3726095E-02   7.3724791E-02
    0.000000       5.6935438E-08   1.7077571E-07   4.3876506E-07 
   1.0695125E-06   2.5076542E-06   5.6671452E-06   1.2348025E-05 
   2.5939547E-05   5.2532112E-05   1.0255040E-04   1.9294942E-04 
   3.4985045E-04   6.1121566E-04   1.0287920E-03   1.6681938E-03 
   2.6058161E-03   3.9215097E-03   5.6867986E-03   7.9498598E-03 
   1.0720197E-02   1.3957185E-02   1.7566655E-02   2.1408046E-02 
   2.5311204E-02   2.9098811E-02   3.2609135E-02   3.5714883E-02 
   3.8335290E-02   4.0439915E-02   4.2044420E-02   4.3200057E-02 
   4.3979999E-02   4.4465568E-02   4.4735014E-02   4.4856071E-02 
   4.4882469E-02   4.4853609E-02   4.4796325E-02   4.4727545E-02 
   4.4657104E-02   4.4590123E-02   4.4528868E-02   4.4473980E-02 
   4.4425294E-02   4.4382282E-02   4.4344317E-02   4.4310775E-02 
   4.4281092E-02   4.4254761E-02   4.4231366E-02   4.4210531E-02 
   4.4191942E-02   4.4175331E-02   4.4160455E-02   4.4147119E-02 
   4.4135142E-02   4.4124369E-02   4.4114668E-02   4.4105913E-02 
   4.4098012E-02   4.4090863E-02   4.4084389E-02   4.4078514E-02 
   4.4073179E-02   4.4068325E-02   4.4063900E-02   4.4059858E-02 
   4.4056155E-02   4.4052757E-02   4.4049628E-02   4.4046737E-02 
   4.4044059E-02   4.4041563E-02   4.4039227E-02   4.4037040E-02 
   4.4034980E-02   4.4033054E-02   4.4031266E-02   4.4029646E-02 
   4.4028226E-02   4.4027023E-02   4.4025991E-02   4.4024963E-02
    0.000000       3.3011609E-08   9.8837468E-08   2.5335260E-07 
   6.1604931E-07   1.4408909E-06   3.2485068E-06   7.0617157E-06 
   1.4801903E-05   2.9914527E-05   5.8286212E-05   1.0947658E-04 
   1.9819647E-04   3.4581104E-04   5.8144284E-04   9.4205153E-04 
   1.4707675E-03   2.2128839E-03   3.2093669E-03   4.4885171E-03 
   6.0573402E-03   7.8948718E-03   9.9497400E-03   1.2143498E-02 
   1.4379493E-02   1.6555408E-02   1.8576642E-02   2.0367805E-02 
   2.1880254E-02   2.3094693E-02   2.4018919E-02   2.4681820E-02 
   2.5125436E-02   2.5396945E-02   2.5542025E-02   2.5600413E-02 
   2.5603764E-02   2.5575371E-02   2.5531128E-02   2.5481062E-02 
   2.5430968E-02   2.5383834E-02   2.5340924E-02   2.5302535E-02 
   2.5268486E-02   2.5238382E-02   2.5211776E-02   2.5188234E-02 
   2.5167365E-02   2.5148824E-02   2.5132317E-02   2.5117591E-02 
   2.5104431E-02   2.5092646E-02   2.5082078E-02   2.5072584E-02 
   2.5064044E-02   2.5056349E-02   2.5049407E-02   2.5043136E-02 
   2.5037464E-02   2.5032327E-02   2.5027666E-02   2.5023434E-02 
   2.5019584E-02   2.5016077E-02   2.5012875E-02   2.5009949E-02 
   2.5007265E-02   2.5004800E-02   2.5002530E-02   2.5000431E-02 
   2.4998482E-02   2.4996668E-02   2.4994969E-02   2.4993375E-02 
   2.4991876E-02   2.4990469E-02   2.4989164E-02   2.4987977E-02 
   2.4986936E-02   2.4986051E-02   2.4985297E-02   2.4984540E-02
    0.000000       1.8304984E-08   5.4697473E-08   1.3985758E-07 
   3.3917792E-07   7.9121332E-07   1.7791846E-06   3.8579924E-06 
   8.0674026E-06   1.6267659E-05   3.1630552E-05   5.9298058E-05 
   1.0717229E-04   1.8671982E-04   3.1356674E-04   5.0755643E-04 
   7.9188944E-04   1.1910289E-03   1.7272866E-03   2.4164068E-03 
   3.2629338E-03   4.2565237E-03   5.3704041E-03   6.5628439E-03 
   7.7816453E-03   8.9708017E-03   1.0077882E-02   1.1060564E-02 
   1.1891068E-02   1.2557822E-02   1.3064373E-02   1.3426157E-02 
   1.3666134E-02   1.3810332E-02   1.3884116E-02   1.3909672E-02 
   1.3904747E-02   1.3882441E-02   1.3851718E-02   1.3818232E-02 
   1.3785245E-02   1.3754414E-02   1.3726421E-02   1.3701390E-02 
   1.3679175E-02   1.3659510E-02   1.3642104E-02   1.3626678E-02 
   1.3612980E-02   1.3600790E-02   1.3589919E-02   1.3580205E-02 
   1.3571508E-02   1.3563708E-02   1.3556702E-02   1.3550398E-02 
   1.3544718E-02   1.3539594E-02   1.3534964E-02   1.3530776E-02 
   1.3526983E-02   1.3523542E-02   1.3520419E-02   1.3517578E-02 
   1.3514992E-02   1.3512634E-02   1.3510479E-02   1.3508507E-02 
   1.3506698E-02   1.3505036E-02   1.3503503E-02   1.3502085E-02 
   1.3500769E-02   1.3499541E-02   1.3498392E-02   1.3497313E-02 
   1.3496297E-02   1.3495344E-02   1.3494458E-02   1.3493651E-02 
   1.3492940E-02   1.3492336E-02   1.3491821E-02   1.3491306E-02
    0.000000       9.7165094E-09   2.8972677E-08   7.3883442E-08 
   1.7867484E-07   4.1562799E-07   9.3203863E-07   2.0156592E-06 
   4.2042166E-06   8.4573676E-06   1.6407734E-05   3.0696981E-05 
   5.5378547E-05   9.6327894E-05   1.6154797E-04   2.6120484E-04 
   4.0720223E-04   6.1213406E-04   8.8756852E-04   1.2418127E-03 
   1.6775426E-03   2.1898684E-03   2.7654469E-03   3.3830965E-03 
   4.0159780E-03   4.6349573E-03   5.2124523E-03   5.7259249E-03 
   6.1603296E-03   6.5091061E-03   6.7737042E-03   6.9619440E-03 
   7.0857410E-03   7.1587502E-03   7.1943756E-03   7.2044060E-03 
   7.1983142E-03   7.1831224E-03   7.1636457E-03   7.1429294E-03 
   7.1227257E-03   7.1039195E-03   7.0868628E-03   7.0716054E-03 
   7.0580482E-03   7.0460294E-03   7.0353737E-03   7.0259133E-03 
   7.0174984E-03   7.0099970E-03   7.0032966E-03   6.9972989E-03 
   6.9919215E-03   6.9870907E-03   6.9827451E-03   6.9788299E-03 
   6.9752969E-03   6.9721052E-03   6.9692181E-03   6.9666035E-03 
   6.9642323E-03   6.9620796E-03   6.9601228E-03   6.9583422E-03 
   6.9567189E-03   6.9552376E-03   6.9538830E-03   6.9526425E-03 
   6.9515044E-03   6.9504571E-03   6.9494909E-03   6.9485968E-03 
   6.9477661E-03   6.9469917E-03   6.9462666E-03   6.9455849E-03 
   6.9449428E-03   6.9443397E-03   6.9437786E-03   6.9432668E-03 
   6.9428151E-03   6.9424310E-03   6.9421027E-03   6.9417749E-03
    0.000000       4.9427387E-09   1.4705156E-08   3.7393821E-08 
   9.0161613E-08   2.0910824E-07   4.6755929E-07   1.0083218E-06 
   2.0974935E-06   4.2087063E-06   8.1457965E-06   1.5206692E-05 
   2.7379512E-05   4.7542329E-05   7.9612473E-05   1.2856617E-04 
   2.0023639E-04   3.0081114E-04   4.3600777E-04   6.0999137E-04 
   8.2421704E-04   1.0764661E-03   1.3603709E-03   1.6656608E-03 
   1.9791746E-03   2.2864831E-03   2.5737868E-03   2.8296823E-03 
   3.0464320E-03   3.2205188E-03   3.3524577E-03   3.4460090E-03 
   3.5070532E-03   3.5424086E-03   3.5588194E-03   3.5622527E-03 
   3.5575281E-03   3.5482335E-03   3.5368390E-03   3.5249104E-03 
   3.5133497E-03   3.5026111E-03   3.4928711E-03   3.4841492E-03 
   3.4763874E-03   3.4694939E-03   3.4633710E-03   3.4579250E-03 
   3.4530722E-03   3.4487387E-03   3.4448616E-03   3.4413859E-03 
   3.4382644E-03   3.4354564E-03   3.4329270E-03   3.4306445E-03 
   3.4285828E-03   3.4267178E-03   3.4250286E-03   3.4234973E-03 
   3.4221071E-03   3.4208437E-03   3.4196945E-03   3.4186475E-03 
   3.4176924E-03   3.4168200E-03   3.4160221E-03   3.4152907E-03 
   3.4146190E-03   3.4140009E-03   3.4134304E-03   3.4129021E-03 
   3.4124113E-03   3.4119533E-03   3.4115245E-03   3.4111210E-03 
   3.4107410E-03   3.4103836E-03   3.4100509E-03   3.4097468E-03 
   3.4094781E-03   3.4092490E-03   3.4090534E-03   3.4088579E-03
    0.000000       2.4124529E-09   7.1603337E-09   1.8154061E-08 
   4.3635417E-08   1.0088728E-07   2.2489523E-07   4.8357680E-07 
   1.0031019E-06   2.0074110E-06   3.8755988E-06   7.2183902E-06 
   1.2969481E-05   2.2478502E-05   3.7580648E-05   6.0606500E-05 
   9.4289680E-05   1.4153625E-04   2.0504407E-04   2.8680169E-04 
   3.8754786E-04   5.0631439E-04   6.4018829E-04   7.8440463E-04 
   9.3279855E-04   1.0785522E-03   1.2150870E-03   1.3369095E-03 
   1.4402349E-03   1.5232773E-03   1.5861818E-03   1.6306677E-03 
   1.6594992E-03   1.6759202E-03   1.6831660E-03   1.6841170E-03 
   1.6811127E-03   1.6759033E-03   1.6696993E-03   1.6632710E-03 
   1.6570635E-03   1.6513010E-03   1.6460699E-03   1.6413784E-03 
   1.6371952E-03   1.6334729E-03   1.6301600E-03   1.6272079E-03 
   1.6245724E-03   1.6222150E-03   1.6201022E-03   1.6182053E-03 
   1.6164992E-03   1.6149622E-03   1.6135757E-03   1.6123232E-03 
   1.6111904E-03   1.6101644E-03   1.6092343E-03   1.6083900E-03 
   1.6076230E-03   1.6069253E-03   1.6062899E-03   1.6057107E-03 
   1.6051820E-03   1.6046987E-03   1.6042565E-03   1.6038507E-03 
   1.6034781E-03   1.6031348E-03   1.6028179E-03   1.6025244E-03 
   1.6022515E-03   1.6019968E-03   1.6017583E-03   1.6015337E-03 
   1.6013222E-03   1.6011231E-03   1.6009376E-03   1.6007680E-03 
   1.6006177E-03   1.6004894E-03   1.6003797E-03   1.6002699E-03
    0.000000       1.1311628E-09   3.3490837E-09   8.4648999E-09 
   2.0280332E-08   4.6737604E-08   1.0385727E-07   2.2263565E-07 
   4.6047211E-07   9.1894475E-07   1.7695431E-06   3.2878706E-06 
   5.8943988E-06   1.0195880E-05   1.7016377E-05   2.7401784E-05 
   4.2579195E-05   6.3855106E-05   9.2446979E-05   1.2926078E-04 
   1.7464945E-04   2.2820594E-04   2.8865103E-04   3.5386646E-04 
   4.2108895E-04   4.8723933E-04   5.4932269E-04   6.0481421E-04 
   6.5194973E-04   6.8986783E-04   7.1858976E-04   7.3886412E-04 
   7.5193075E-04   7.5926282E-04   7.6234224E-04   7.6249690E-04 
   7.6081179E-04   7.5810315E-04   7.5493823E-04   7.5168000E-04 
   7.4853911E-04   7.4562221E-04   7.4297050E-04   7.4058771E-04 
   7.3845865E-04   7.3656015E-04   7.3486700E-04   7.3335523E-04 
   7.3200313E-04   7.3079154E-04   7.2970398E-04   7.2872592E-04 
   7.2784501E-04   7.2705036E-04   7.2633248E-04   7.2568323E-04 
   7.2509528E-04   7.2456227E-04   7.2407851E-04   7.2363904E-04 
   7.2323933E-04   7.2287547E-04   7.2254386E-04   7.2224136E-04 
   7.2196499E-04   7.2171225E-04   7.2148076E-04   7.2126841E-04 
   7.2107313E-04   7.2089327E-04   7.2072714E-04   7.2057318E-04 
   7.2042999E-04   7.2029635E-04   7.2017108E-04   7.2005321E-04 
   7.1994204E-04   7.1983744E-04   7.1973982E-04   7.1965047E-04 
   7.1957120E-04   7.1950344E-04   7.1944541E-04   7.1938732E-04
    0.000000       5.1017551E-10   1.5066273E-09   3.7958388E-09 
   9.0635703E-09   2.0817911E-08   4.6109292E-08   9.8531402E-08 
   2.0317444E-07   4.0430314E-07   7.7643557E-07   1.4390237E-06 
   2.5738991E-06   4.4429612E-06   7.4014038E-06   1.1899662E-05 
   1.8466157E-05   2.7664069E-05   4.0019742E-05   5.5927871E-05 
   7.5548029E-05   9.8715092E-05   1.2488903E-04   1.5316618E-04 
   1.8235920E-04   2.1113628E-04   2.3819281E-04   2.6241931E-04 
   2.8303044E-04   2.9963069E-04   3.1221006E-04   3.2107983E-04 
   3.2677155E-04   3.2992510E-04   3.3118954E-04   3.3115066E-04 
   3.3028988E-04   3.2897154E-04   3.2745037E-04   3.2589023E-04 
   3.2438690E-04   3.2298916E-04   3.2171613E-04   3.2056973E-04 
   3.1954312E-04   3.1862562E-04   3.1780568E-04   3.1707209E-04 
   3.1641478E-04   3.1582476E-04   3.1529422E-04   3.1481640E-04 
   3.1438540E-04   3.1399608E-04   3.1364395E-04   3.1332506E-04 
   3.1303597E-04   3.1277360E-04   3.1253527E-04   3.1231850E-04 
   3.1212124E-04   3.1194146E-04   3.1177755E-04   3.1162787E-04 
   3.1149108E-04   3.1136587E-04   3.1125115E-04   3.1114582E-04 
   3.1104896E-04   3.1095970E-04   3.1087719E-04   3.1080074E-04 
   3.1072961E-04   3.1066319E-04   3.1060091E-04   3.1054229E-04 
   3.1048700E-04   3.1043493E-04   3.1038633E-04   3.1034177E-04 
   3.1030222E-04   3.1026834E-04   3.1023927E-04   3.1021019E-04
    0.000000       2.2161448E-10   6.5272937E-10   1.6390692E-09 
   3.9001664E-09   8.9274055E-09   1.9706849E-08   4.1975223E-08 
   8.6284992E-08   1.7119372E-07   3.2784993E-07   6.0605021E-07 
   1.0814147E-06   1.8626409E-06   3.0969106E-06   4.9706678E-06 
   7.7025470E-06   1.1525698E-05   1.6658496E-05   2.3265706E-05 
   3.1415922E-05   4.1044412E-05   5.1931744E-05   6.3707346E-05 
   7.5881333E-05   8.7901033E-05   9.9221550E-05   1.0937583E-04 
   1.1802922E-04   1.2500845E-04   1.3030147E-04   1.3403209E-04 
   1.3641859E-04   1.3772727E-04   1.3823056E-04   1.3817604E-04 
   1.3776850E-04   1.3716384E-04   1.3647175E-04   1.3576324E-04 
   1.3508016E-04   1.3444400E-04   1.3386336E-04   1.3333926E-04 
   1.3286884E-04   1.3244747E-04   1.3207011E-04   1.3173182E-04 
   1.3142813E-04   1.3115506E-04   1.3090912E-04   1.3068727E-04 
   1.3048689E-04   1.3030563E-04   1.3014149E-04   1.2999267E-04 
   1.2985760E-04   1.2973489E-04   1.2962331E-04   1.2952174E-04 
   1.2942922E-04   1.2934486E-04   1.2926786E-04   1.2919752E-04 
   1.2913319E-04   1.2907428E-04   1.2902025E-04   1.2897064E-04 
   1.2892501E-04   1.2888291E-04   1.2884401E-04   1.2880794E-04 
   1.2877437E-04   1.2874301E-04   1.2871361E-04   1.2868592E-04 
   1.2865980E-04   1.2863519E-04   1.2861220E-04   1.2859113E-04 
   1.2857238E-04   1.2855629E-04   1.2854247E-04   1.2852864E-04
    0.000000       9.2835087E-11   2.7268654E-10   6.8241923E-10 
   1.6180515E-09   3.6906389E-09   8.1189322E-09   1.7235763E-08 
   3.5317317E-08   6.9858970E-08   1.3340306E-07   2.4594453E-07 
   4.3777101E-07   7.5232356E-07   1.2483189E-06   2.0000405E-06 
   3.0945373E-06   4.6246528E-06   6.6774846E-06   9.3190674E-06 
   1.2577539E-05   1.6428343E-05   2.0785532E-05   2.5502830E-05 
   3.0385825E-05   3.5214060E-05   3.9768936E-05   4.3861699E-05 
   4.7355592E-05   5.0177990E-05   5.2320975E-05   5.3831729E-05 
   5.4796303E-05   5.5321059E-05   5.5515764E-05   5.5480883E-05 
   5.5300039E-05   5.5037304E-05   5.4738037E-05   5.4431825E-05 
   5.4136221E-05   5.3860374E-05   5.3608015E-05   5.3379688E-05 
   5.3174259E-05   5.2989843E-05   5.2824329E-05   5.2675659E-05 
   5.2541953E-05   5.2421517E-05   5.2312873E-05   5.2214727E-05 
   5.2125950E-05   5.2045540E-05   5.1972631E-05   5.1906452E-05 
   5.1846328E-05   5.1791649E-05   5.1741878E-05   5.1696541E-05 
   5.1655203E-05   5.1617480E-05   5.1583029E-05   5.1551535E-05 
   5.1522711E-05   5.1496307E-05   5.1472078E-05   5.1449821E-05 
   5.1429328E-05   5.1410429E-05   5.1392952E-05   5.1376741E-05 
   5.1361651E-05   5.1347553E-05   5.1334329E-05   5.1321873E-05 
   5.1310122E-05   5.1299045E-05   5.1288691E-05   5.1279188E-05 
   5.1270734E-05   5.1263462E-05   5.1257201E-05   5.1250936E-05
    0.000000       3.7549470E-11   1.0998755E-10   2.7429645E-10 
   6.4801065E-10   1.4727394E-09   3.2284790E-09   6.8305575E-09 
   1.3950825E-08   2.7509854E-08   5.2379356E-08   9.6303218E-08 
   1.7098081E-07   2.9315368E-07   4.8540659E-07   7.7626936E-07 
   1.1991435E-06   1.7896479E-06   2.5812312E-06   3.5993496E-06 
   4.8550532E-06   6.3393154E-06   8.0196469E-06   9.8403780E-06 
   1.1727183E-05   1.3595393E-05   1.5360618E-05   1.6949491E-05 
   1.8308301E-05   1.9407866E-05   2.0243964E-05   2.0833859E-05 
   2.1210166E-05   2.1413740E-05   2.1487111E-05   2.1469479E-05 
   2.1393689E-05   2.1285065E-05   2.1161648E-05   2.1035299E-05 
   2.0913114E-05   2.0798840E-05   2.0694040E-05   2.0598993E-05 
   2.0513275E-05   2.0436151E-05   2.0366790E-05   2.0304367E-05 
   2.0248124E-05   2.0197378E-05   2.0151527E-05   2.0110047E-05 
   2.0072472E-05   2.0038397E-05   2.0007463E-05   1.9979352E-05 
   1.9953786E-05   1.9930512E-05   1.9909308E-05   1.9889976E-05 
   1.9872336E-05   1.9856227E-05   1.9841504E-05   1.9828036E-05 
   1.9815705E-05   1.9804400E-05   1.9794023E-05   1.9784484E-05 
   1.9775700E-05   1.9767594E-05   1.9760097E-05   1.9753139E-05 
   1.9746662E-05   1.9740610E-05   1.9734929E-05   1.9729579E-05 
   1.9724528E-05   1.9719768E-05   1.9715317E-05   1.9711228E-05 
   1.9707584E-05   1.9704446E-05   1.9701740E-05   1.9699031E-05
    0.000000       1.4682571E-11   4.2884977E-11   1.0657146E-10 
   2.5083821E-10   5.6799376E-10   1.2406915E-09   2.6159139E-09 
   5.3251221E-09   1.0467621E-08   1.9871205E-08   3.6432567E-08 
   6.4516080E-08   1.1035196E-07   1.8232754E-07   2.9102046E-07 
   4.4880042E-07   6.6885195E-07   9.6356371E-07   1.3423911E-06 
   1.8094995E-06   2.3616708E-06   2.9870355E-06   3.6651390E-06 
   4.3685641E-06   5.0659505E-06   5.7258935E-06   6.3209181E-06 
   6.8307168E-06   7.2440171E-06   7.5588291E-06   7.7812247E-06 
   7.9231095E-06   7.9996025E-06   8.0265763E-06   8.0187656E-06 
   7.9885958E-06   7.9457095E-06   7.8970206E-06   7.8471103E-06 
   7.7987434E-06   7.7533987E-06   7.7117102E-06   7.6738088E-06 
   7.6395490E-06   7.6086576E-06   7.5808184E-06   7.5557164E-06 
   7.5330586E-06   7.5125818E-06   7.4940522E-06   7.4772643E-06 
   7.4620366E-06   7.4482095E-06   7.4356426E-06   7.4242098E-06 
   7.4138011E-06   7.4043164E-06   7.3956680E-06   7.3877759E-06 
   7.3805691E-06   7.3739834E-06   7.3679598E-06   7.3624465E-06 
   7.3573951E-06   7.3527622E-06   7.3485076E-06   7.3445945E-06 
   7.3409901E-06   7.3376623E-06   7.3345832E-06   7.3317251E-06 
   7.3290635E-06   7.3265755E-06   7.3242404E-06   7.3220408E-06 
   7.3199635E-06   7.3180054E-06   7.3161727E-06   7.3144893E-06 
   7.3129872E-06   7.3116912E-06   7.3105712E-06   7.3094507E-06
    0.000000       5.5567447E-12   1.6183239E-11   4.0071352E-11 
   9.3961804E-11   2.1197412E-10   4.6134788E-10   9.6932240E-10 
   1.9666009E-09   3.8534052E-09   7.2929822E-09   1.3333224E-08 
   2.3548530E-08   4.0180726E-08   6.6241249E-08   1.0552111E-07 
   1.6244772E-07   2.4173670E-07   3.4781993E-07   4.8408714E-07 
   6.5204910E-07   8.5059179E-07   1.0755190E-06   1.3195649E-06 
   1.5729566E-06   1.8244755E-06   2.0628372E-06   2.2781130E-06 
   2.4628969E-06   2.6129967E-06   2.7275505E-06   2.8086140E-06 
   2.8603811E-06   2.8882487E-06   2.8979339E-06   2.8947802E-06 
   2.8833228E-06   2.8671034E-06   2.8486795E-06   2.8297575E-06 
   2.8113770E-06   2.7941019E-06   2.7781803E-06   2.7636702E-06 
   2.7505243E-06   2.7386461E-06   2.7279202E-06   2.7182311E-06 
   2.7094704E-06   2.7015403E-06   2.6943535E-06   2.6878331E-06 
   2.6819109E-06   2.6765269E-06   2.6716277E-06   2.6671660E-06 
   2.6630998E-06   2.6593912E-06   2.6560065E-06   2.6529153E-06 
   2.6500904E-06   2.6475070E-06   2.6451428E-06   2.6429775E-06 
   2.6409923E-06   2.6391708E-06   2.6374971E-06   2.6359571E-06 
   2.6345381E-06   2.6332275E-06   2.6320142E-06   2.6308880E-06 
   2.6298389E-06   2.6288578E-06   2.6279370E-06   2.6270693E-06 
   2.6262499E-06   2.6254770E-06   2.6247537E-06   2.6240887E-06 
   2.6234948E-06   2.6229814E-06   2.6225366E-06   2.6220919E-06
    0.000000       2.0377686E-12   5.9172966E-12   1.4598295E-11 
   3.4100542E-11   7.6639604E-11   1.6619006E-10   3.4794204E-10 
   7.0352540E-10   1.3740472E-09   2.5925659E-09   4.7261484E-09 
   8.3247045E-09   1.4169228E-08   2.3306427E-08   3.7051450E-08 
   5.6937921E-08   8.4597772E-08   1.2156454E-07   1.6901288E-07 
   2.2747119E-07   2.9656459E-07   3.7485592E-07   4.5984666E-07 
   5.4816587E-07   6.3593154E-07   7.1922335E-07   7.9457283E-07 
   8.5937080E-07   9.1211353E-07   9.5245156E-07   9.8105590E-07 
   9.9935369E-07   1.0092073E-06   1.0126060E-06   1.0114228E-06 
   1.0072569E-06   1.0013654E-06   9.9466229E-07   9.8776172E-07 
   9.8104147E-07   9.7470911E-07   9.6885856E-07   9.6351403E-07 
   9.5866142E-07   9.5426776E-07   9.5029270E-07   9.4669554E-07 
   9.4343773E-07   9.4048414E-07   9.3780358E-07   9.3536823E-07 
   9.3315344E-07   9.3113755E-07   9.2930117E-07   9.2762701E-07 
   9.2609969E-07   9.2470549E-07   9.2343197E-07   9.2226793E-07 
   9.2120337E-07   9.2022918E-07   9.1933703E-07   9.1851945E-07 
   9.1776951E-07   9.1708102E-07   9.1644813E-07   9.1586560E-07 
   9.1532849E-07   9.1483230E-07   9.1437289E-07   9.1394617E-07 
   9.1354866E-07   9.1317685E-07   9.1282777E-07   9.1249876E-07 
   9.1218800E-07   9.1189480E-07   9.1162036E-07   9.1136786E-07 
   9.1114219E-07   9.1094677E-07   9.1077703E-07   9.1060730E-07
    0.000000       7.2490847E-13   2.0987439E-12   5.1585650E-12 
   1.2003570E-11   2.6874780E-11   5.8061275E-11   1.2112554E-10 
   2.4407290E-10   4.7513976E-10   8.9372471E-10   1.6244828E-09 
   2.8536131E-09   4.8448534E-09   7.9508355E-09   1.2613728E-08 
   1.9348319E-08   2.8701779E-08   4.1188066E-08   5.7201262E-08 
   7.6919882E-08   1.0022121E-07   1.2662782E-07   1.5530692E-07 
   1.8513195E-07   2.1480177E-07   2.4299749E-07   2.6854627E-07 
   2.9055877E-07   3.0851368E-07   3.2227703E-07   3.3206015E-07 
   3.3833305E-07   3.4171757E-07   3.4288374E-07   3.4246662E-07 
   3.4101214E-07   3.3895196E-07   3.3660211E-07   3.3417643E-07 
   3.3180783E-07   3.2957010E-07   3.2749753E-07   3.2559993E-07 
   3.2387334E-07   3.2230693E-07   3.2088721E-07   3.1960025E-07 
   3.1843282E-07   3.1737289E-07   3.1640957E-07   3.1553321E-07 
   3.1473525E-07   3.1400810E-07   3.1334500E-07   3.1273987E-07 
   3.1218727E-07   3.1168238E-07   3.1122084E-07   3.1079864E-07 
   3.1041225E-07   3.1005840E-07   3.0973416E-07   3.0943684E-07 
   3.0916399E-07   3.0891334E-07   3.0868284E-07   3.0847062E-07 
   3.0827485E-07   3.0809395E-07   3.0792637E-07   3.0777070E-07 
   3.0762561E-07   3.0748993E-07   3.0736246E-07   3.0724232E-07 
   3.0712883E-07   3.0702176E-07   3.0692146E-07   3.0682918E-07 
   3.0674659E-07   3.0667493E-07   3.0661258E-07   3.0655019E-07
    0.000000       2.5041723E-13   7.2282821E-13   1.7700223E-12 
   4.1026644E-12   9.1501433E-12   1.9694546E-11   4.0938353E-11 
   8.2207977E-11   1.5950895E-10   2.9909633E-10   5.4205757E-10 
   9.4958208E-10   1.6081040E-09   2.6329081E-09   4.1682462E-09 
   6.3817684E-09   9.4514432E-09   1.3544330E-08   1.8788581E-08 
   2.5242571E-08   3.2867185E-08   4.1508414E-08   5.0896872E-08 
   6.0667325E-08   7.0396787E-08   7.9655052E-08   8.8057696E-08 
   9.5310988E-08   1.0124002E-07   1.0579588E-07   1.0904282E-07 
   1.1113082E-07   1.1226111E-07   1.1265239E-07   1.1251334E-07 
   1.1202451E-07   1.1132954E-07   1.1053427E-07   1.0971088E-07 
   1.0890459E-07   1.0814087E-07   1.0743182E-07   1.0678119E-07 
   1.0618797E-07   1.0564877E-07   1.0515922E-07   1.0471473E-07 
   1.0431091E-07   1.0394375E-07   1.0360960E-07   1.0330525E-07 
   1.0302779E-07   1.0277468E-07   1.0254361E-07   1.0233254E-07 
   1.0213962E-07   1.0196320E-07   1.0180179E-07   1.0165404E-07 
   1.0151872E-07   1.0139472E-07   1.0128102E-07   1.0117671E-07 
   1.0108093E-07   1.0099291E-07   1.0091192E-07   1.0083732E-07 
   1.0076848E-07   1.0070485E-07   1.0064588E-07   1.0059109E-07 
   1.0054002E-07   1.0049224E-07   1.0044735E-07   1.0040503E-07 
   1.0036505E-07   1.0032732E-07   1.0029198E-07   1.0025943E-07 
   1.0023027E-07   1.0020494E-07   1.0018283E-07   1.0016072E-07
    0.000000       8.4088749E-14   2.4198728E-13   5.9033209E-13 
   1.3629361E-12   3.0279750E-12   6.4928566E-12   1.3447634E-11 
   2.6910427E-11   5.2041857E-11   9.7277957E-11   1.7577757E-10 
   3.0707817E-10   5.1870114E-10   8.4726237E-10   1.3384778E-09 
   2.0453812E-09   3.0241909E-09   4.3276343E-09   5.9961640E-09 
   8.0482794E-09   1.0471831E-08   1.3218531E-08   1.6203716E-08 
   1.9312372E-08   2.2410980E-08   2.5363295E-08   2.8047022E-08 
   3.0368042E-08   3.2269472E-08   3.3734199E-08   3.4781110E-08 
   3.5456633E-08   3.5823955E-08   3.5952336E-08   3.5908325E-08 
   3.5749842E-08   3.5523264E-08   3.5262985E-08   3.4992617E-08 
   3.4727105E-08   3.4474951E-08   3.4240291E-08   3.4024506E-08 
   3.3827376E-08   3.3647876E-08   3.3484628E-08   3.3336182E-08 
   3.3201122E-08   3.3078155E-08   3.2966106E-08   3.2863923E-08 
   3.2770668E-08   3.2685502E-08   3.2607673E-08   3.2536516E-08 
   3.2471419E-08   3.2411844E-08   3.2357292E-08   3.2307319E-08 
   3.2261521E-08   3.2219528E-08   3.2181003E-08   3.2145635E-08 
   3.2113146E-08   3.2083275E-08   3.2055780E-08   3.2030439E-08 
   3.2007051E-08   3.1985422E-08   3.1965374E-08   3.1946744E-08 
   3.1929371E-08   3.1913110E-08   3.1897837E-08   3.1883435E-08 
   3.1869824E-08   3.1856981E-08   3.1844944E-08   3.1833856E-08 
   3.1823912E-08   3.1815258E-08   3.1807684E-08   3.1800109E-08
    0.000000       2.7474220E-14   7.8823341E-14   1.9156115E-13 
   4.4052124E-13   9.7487350E-13   2.0825173E-12   4.2975107E-12 
   8.5699121E-12   1.6518242E-11   3.0779060E-11   5.5451480E-11 
   9.6603017E-11   1.6275657E-10   2.6522262E-10   4.1809076E-10 
   6.3767475E-10   9.4124153E-10   1.3449691E-09   1.8612671E-09 
   2.4958262E-09   3.2449674E-09   4.0939563E-09   5.0169144E-09 
   5.9786247E-09   6.9381114E-09   7.8534379E-09   8.6867962E-09 
   9.4088870E-09   1.0001759E-08   1.0459653E-08   1.0787936E-08 
   1.1000568E-08   1.1116825E-08   1.1158018E-08   1.1144760E-08 
   1.1095104E-08   1.1023594E-08   1.0941082E-08   1.0855074E-08 
   1.0770359E-08   1.0689698E-08   1.0614460E-08   1.0545128E-08 
   1.0481673E-08   1.0423793E-08   1.0371072E-08   1.0323060E-08 
   1.0279319E-08   1.0239442E-08   1.0203062E-08   1.0169847E-08 
   1.0139502E-08   1.0111760E-08   1.0086385E-08   1.0063164E-08 
   1.0041902E-08   1.0022429E-08   1.0004584E-08   9.9882262E-09 
   9.9732249E-09   9.9594608E-09   9.9468265E-09   9.9352224E-09 
   9.9245572E-09   9.9147464E-09   9.9057118E-09   9.8973834E-09 
   9.8896926E-09   9.8825792E-09   9.8759836E-09   9.8698516E-09 
   9.8641335E-09   9.8587805E-09   9.8537516E-09   9.8490078E-09 
   9.8445252E-09   9.8402939E-09   9.8363282E-09   9.8326733E-09 
   9.8293924E-09   9.8265307E-09   9.8240189E-09   9.8215081E-09
    0.000000       8.7423710E-15   2.5004982E-14   6.0536665E-14 
   1.3865924E-13   3.0565164E-13   6.5045500E-13   1.3373916E-12 
   2.6576530E-12   5.1054855E-12   9.4831963E-12   1.7034032E-11 
   2.9592582E-11   4.9728513E-11   8.0843138E-11   1.2716378E-10 
   1.9357538E-10   2.8523994E-10   4.0698825E-10   5.6252414E-10 
   7.5354906E-10   9.7897568E-10   1.2344252E-09   1.5121964E-09 
   1.8017920E-09   2.0909743E-09   2.3671818E-09   2.6190434E-09 
   2.8376894E-09   3.0176124E-09   3.1569443E-09   3.2571599E-09 
   3.3223395E-09   3.3582033E-09   3.3711285E-09   3.3673253E-09 
   3.3522658E-09   3.3303844E-09   3.3050112E-09   3.2784662E-09 
   3.2522411E-09   3.2272067E-09   3.2038021E-09   3.1821918E-09 
   3.1623777E-09   3.1442751E-09   3.1277612E-09   3.1127017E-09 
   3.0989640E-09   3.0864249E-09   3.0749721E-09   3.0645044E-09 
   3.0549314E-09   3.0461715E-09   3.0381515E-09   3.0308058E-09 
   3.0240748E-09   3.0179048E-09   3.0122471E-09   3.0070573E-09 
   3.0022949E-09   2.9979228E-09   2.9939073E-09   2.9902174E-09 
   2.9868243E-09   2.9837017E-09   2.9808254E-09   2.9781726E-09 
   2.9757221E-09   2.9734548E-09   2.9713521E-09   2.9693967E-09 
   2.9675726E-09   2.9658651E-09   2.9642604E-09   2.9627467E-09 
   2.9613161E-09   2.9599656E-09   2.9586995E-09   2.9575320E-09 
   2.9564828E-09   2.9555660E-09   2.9547593E-09   2.9539526E-09
    0.000000       2.7116532E-15   7.7320369E-15   1.8647380E-14 
   4.2541379E-14   9.3407053E-14   1.9802299E-13   4.0566392E-13 
   8.0331103E-13   1.5380546E-12   2.8478277E-12   5.1001087E-12 
   8.8354827E-12   1.4808967E-11   2.4017318E-11   3.7696457E-11 
   5.7271663E-11   8.4246506E-11   1.2002628E-10   1.6568764E-10 
   2.2172571E-10   2.8782660E-10   3.6272177E-10   4.4417756E-10 
   5.2914534E-10   6.1406413E-10   6.9526912E-10   7.6942941E-10 
   8.3393059E-10   8.8712893E-10   9.2843810E-10   9.5824981E-10 
   9.7772535E-10   9.8851716E-10   9.9248321E-10   9.9144537E-10 
   9.8701813E-10   9.8051800E-10   9.7293951E-10   9.6498065E-10 
   9.5709352E-10   9.4954489E-10   9.4247221E-10   9.3592911E-10 
   9.2991953E-10   9.2442060E-10   9.1939717E-10   9.1481017E-10 
   9.1062075E-10   9.0679253E-10   9.0329216E-10   9.0008961E-10 
   8.9715796E-10   8.9447283E-10   8.9201241E-10   8.8975705E-10 
   8.8768881E-10   8.8579161E-10   8.8405072E-10   8.8245278E-10 
   8.8098556E-10   8.7963786E-10   8.7839946E-10   8.7726088E-10 
   8.7621344E-10   8.7524910E-10   8.7436042E-10   8.7354052E-10 
   8.7278296E-10   8.7208174E-10   8.7143132E-10   8.7082630E-10 
   8.7026181E-10   8.6973329E-10   8.6923646E-10   8.6876784E-10 
   8.6832486E-10   8.6790664E-10   8.6751450E-10   8.6715268E-10 
   8.6682728E-10   8.6654228E-10   8.6629082E-10   8.6603935E-10
    0.000000       8.2055438E-16   2.3325218E-15   5.6037125E-15 
   1.2732899E-14   2.7847172E-14   5.8811097E-14   1.2003766E-13 
   2.3687080E-13   4.5201026E-13   8.3428468E-13   1.4896443E-12 
   2.5734649E-12   4.3021290E-12   6.9605463E-12   1.0901153E-11 
   1.6529536E-11   2.4272813E-11   3.4529626E-11   4.7605121E-11 
   6.3639656E-11   8.2544700E-11   1.0396168E-10   1.2725862E-10 
   1.5157199E-10   1.7589137E-10   1.9917414E-10   2.2046914E-10 
   2.3902530E-10   2.5436472E-10   2.6630909E-10   2.7495894E-10 
   2.8063621E-10   2.8380615E-10   2.8499642E-10   2.8472780E-10 
   2.8346464E-10   2.8158773E-10   2.7938654E-10   2.7706551E-10 
   2.7475824E-10   2.7254435E-10   2.7046554E-10   2.6853875E-10 
   2.6676619E-10   2.6514188E-10   2.6365607E-10   2.6229766E-10 
   2.6105559E-10   2.5991939E-10   2.5887947E-10   2.5792710E-10 
   2.5705449E-10   2.5625460E-10   2.5552105E-10   2.5484809E-10 
   2.5423055E-10   2.5366367E-10   2.5314317E-10   2.5266511E-10 
   2.5222593E-10   2.5182231E-10   2.5145122E-10   2.5110988E-10 
   2.5079575E-10   2.5050639E-10   2.5023969E-10   2.4999350E-10 
   2.4976599E-10   2.4955532E-10   2.4935987E-10   2.4917801E-10 
   2.4900834E-10   2.4884941E-10   2.4870001E-10   2.4855906E-10 
   2.4842584E-10   2.4830002E-10   2.4818206E-10   2.4807317E-10 
   2.4797511E-10   2.4788904E-10   2.4781291E-10   2.4773675E-10
    0.000000       2.4243732E-16   6.8702694E-16   1.6441674E-15 
   3.7209260E-15   8.1056411E-15   1.7053208E-14   3.4679382E-14 
   6.8193403E-14   1.2969668E-13   2.3862726E-13   4.2480746E-13 
   7.3183538E-13   1.2202522E-12   1.9695606E-12   3.0778711E-12 
   4.6578518E-12   6.8279371E-12   9.6985033E-12   1.3353951E-11 
   1.7833086E-11   2.3111495E-11   2.9090190E-11   3.5594611E-11 
   4.2385980E-11   4.9184441E-11   5.5700524E-11   6.1669184E-11 
   6.6879897E-11   7.1197208E-11   7.4568442E-11   7.7018517E-11 
   7.8634460E-11   7.9544052E-11   7.9893488E-11   7.9827998E-11 
   7.9477834E-11   7.8950450E-11   7.8328004E-11   7.7668920E-11 
   7.7011661E-11   7.6379389E-11   7.5784427E-11   7.5231987E-11 
   7.4722964E-11   7.4255865E-11   7.3828062E-11   7.3436500E-11 
   7.3078092E-11   7.2749903E-11   7.2449234E-11   7.2173649E-11 
   7.1920921E-11   7.1689064E-11   7.1476276E-11   7.1280926E-11 
   7.1101541E-11   7.0936763E-11   7.0785378E-11   7.0646260E-11 
   7.0518383E-11   7.0400796E-11   7.0292647E-11   7.0193122E-11 
   7.0101487E-11   7.0017055E-11   6.9939193E-11   6.9867306E-11 
   6.9800853E-11   6.9739305E-11   6.9682184E-11   6.9629032E-11 
   6.9579419E-11   6.9532949E-11   6.9489262E-11   6.9448038E-11 
   6.9409069E-11   6.9372272E-11   6.9337758E-11   6.9305880E-11 
   6.9277153E-11   6.9251882E-11   6.9229449E-11   6.9207022E-11
    0.000000       6.9991444E-17   1.9773054E-16   4.7137378E-16 
   1.0624811E-15   2.3053579E-15   4.8316691E-15   9.7897197E-15 
   1.9183153E-14   3.6362894E-14   6.6692542E-14   1.1837378E-13 
   2.0335955E-13   3.3819985E-13   5.4457047E-13   8.4915592E-13 
   1.2825347E-12   1.8767910E-12   2.6617803E-12   3.6603043E-12 
   4.8828376E-12   6.3227943E-12   7.9534677E-12   9.7277420E-12 
   1.1581112E-11   1.3437855E-11   1.5219463E-11   1.6853803E-11 
   1.8283257E-11   1.9470345E-11   2.0399940E-11   2.1077992E-11 
   2.1527455E-11   2.1782602E-11   2.1882976E-11   2.1868125E-11 
   2.1773725E-11   2.1629374E-11   2.1457839E-11   2.1275410E-11 
   2.1092902E-11   2.0916883E-11   2.0750904E-11   2.0596519E-11 
   2.0454053E-11   2.0323151E-11   2.0203120E-11   2.0093141E-11 
   1.9992374E-11   1.9900017E-11   1.9815332E-11   1.9737644E-11 
   1.9666347E-11   1.9600887E-11   1.9540768E-11   1.9485540E-11 
   1.9434792E-11   1.9388149E-11   1.9345272E-11   1.9305849E-11 
   1.9269591E-11   1.9236239E-11   1.9205547E-11   1.9177292E-11 
   1.9151266E-11   1.9127278E-11   1.9105150E-11   1.9084713E-11 
   1.9065815E-11   1.9048308E-11   1.9032057E-11   1.9016930E-11 
   1.9002811E-11   1.8989584E-11   1.8977146E-11   1.8965411E-11 
   1.8954316E-11   1.8943838E-11   1.8934009E-11   1.8924926E-11 
   1.8916731E-11   1.8909508E-11   1.8903074E-11   1.8896641E-11
    0.000000       1.9758913E-17   5.5647530E-17   1.3214643E-16 
   2.9666098E-16   6.4114740E-16   1.3386208E-15   2.7023426E-15 
   5.2768120E-15   9.9693161E-15   1.8227009E-14   3.2255472E-14 
   5.5259067E-14   9.1661718E-14   1.4724204E-13   2.2909680E-13 
   3.4534078E-13   5.0447244E-13   7.1438732E-13   9.8110756E-13 
   1.3073962E-12   1.6915138E-12   2.1264130E-12   2.5996583E-12 
   3.0942096E-12   3.5900350E-12   4.0663189E-12   4.5038704E-12 
   4.8872776E-12   5.2064117E-12   5.4570389E-12   5.6405241E-12 
   5.7627822E-12   5.8327939E-12   5.8610139E-12   5.8579639E-12 
   5.8331937E-12   5.7946699E-12   5.7485557E-12   5.6992904E-12 
   5.6498408E-12   5.6020284E-12   5.5568506E-12   5.5147571E-12 
   5.4758572E-12   5.4400707E-12   5.4072207E-12   5.3770907E-12 
   5.3494596E-12   5.3241131E-12   5.3008531E-12   5.2794986E-12 
   5.2598863E-12   5.2418677E-12   5.2253080E-12   5.2100858E-12 
   5.1960905E-12   5.1832202E-12   5.1713824E-12   5.1604927E-12 
   5.1504729E-12   5.1412516E-12   5.1327623E-12   5.1249443E-12 
   5.1177404E-12   5.1110986E-12   5.1049694E-12   5.0993077E-12 
   5.0940706E-12   5.0892177E-12   5.0847122E-12   5.0805176E-12 
   5.0766015E-12   5.0729325E-12   5.0694826E-12   5.0662270E-12 
   5.0631487E-12   5.0602413E-12   5.0575139E-12   5.0549924E-12 
   5.0527148E-12   5.0507020E-12   5.0489044E-12   5.0471064E-12
    0.000000       5.4583109E-18   1.5324831E-17   3.6251223E-17 
   8.1054369E-17   1.7448363E-16   3.6290841E-16   7.2994896E-16 
   1.4203947E-15   2.6746222E-15   4.8747047E-15   8.6010326E-15 
   1.4694211E-14   2.4311411E-14   3.8960144E-14   6.0487300E-14 
   9.1000144E-14   1.3270137E-13   1.8763409E-13   2.5735444E-13 
   3.4257531E-13   4.4284666E-13   5.5634837E-13   6.7986838E-13 
   8.0900174E-13   9.3856335E-13   1.0631534E-12   1.1777768E-12 
   1.2784014E-12   1.3623507E-12   1.4284696E-12   1.4770570E-12 
   1.5096026E-12   1.5284078E-12   1.5361757E-12   1.5356445E-12 
   1.5293141E-12   1.5192811E-12   1.5071773E-12   1.4941851E-12 
   1.4811006E-12   1.4684169E-12   1.4564079E-12   1.4452002E-12 
   1.4348287E-12   1.4252761E-12   1.4164982E-12   1.4084399E-12 
   1.4010436E-12   1.3942534E-12   1.3880175E-12   1.3822886E-12 
   1.3770234E-12   1.3721830E-12   1.3677319E-12   1.3636378E-12 
   1.3598716E-12   1.3564064E-12   1.3532178E-12   1.3502831E-12 
   1.3475816E-12   1.3450944E-12   1.3428038E-12   1.3406935E-12 
   1.3387483E-12   1.3369544E-12   1.3352985E-12   1.3337684E-12 
   1.3323527E-12   1.3310406E-12   1.3298222E-12   1.3286878E-12 
   1.3276284E-12   1.3266358E-12   1.3257024E-12   1.3248215E-12 
   1.3239887E-12   1.3232020E-12   1.3224638E-12   1.3217811E-12 
   1.3211636E-12   1.3206167E-12   1.3201265E-12   1.3196362E-12
    0.000000       1.4764589E-18   4.1325166E-18   9.7377695E-18 
   2.1685157E-17   4.6496798E-17   9.6340912E-17   1.9307351E-16 
   3.7439431E-16   7.0266370E-16   1.2766585E-15   2.2459333E-15 
   3.8264252E-15   6.3145370E-15   1.0095382E-14   1.5639630E-14 
   2.3483143E-14   3.4184979E-14   4.8262826E-14   6.6110407E-14 
   8.7907769E-14   1.1354082E-13   1.4254913E-13   1.7412014E-13 
   2.0713889E-13   2.4029105E-13   2.7220508E-13   3.0160824E-13 
   3.2746779E-13   3.4909161E-13   3.6617218E-13   3.7877137E-13 
   3.8725609E-13   3.9220363E-13   3.9429798E-13   3.9423662E-13 
   3.9265994E-13   3.9010803E-13   3.8700363E-13   3.8365494E-13 
   3.8027093E-13   3.7698214E-13   3.7386207E-13   3.7094549E-13 
   3.6824298E-13   3.6575108E-13   3.6345907E-13   3.6135317E-13 
   3.5941874E-13   3.5764157E-13   3.5600835E-13   3.5450695E-13 
   3.5312625E-13   3.5185616E-13   3.5068761E-13   3.4961221E-13 
   3.4862244E-13   3.4771133E-13   3.4687257E-13   3.4610026E-13 
   3.4538908E-13   3.4473403E-13   3.4413057E-13   3.4357440E-13 
   3.4306163E-13   3.4258856E-13   3.4215176E-13   3.4174809E-13 
   3.4137450E-13   3.4102818E-13   3.4070652E-13   3.4040698E-13 
   3.4012726E-13   3.3986513E-13   3.3961858E-13   3.3938591E-13 
   3.3916595E-13   3.3895816E-13   3.3876314E-13   3.3858273E-13 
   3.3841932E-13   3.3827422E-13   3.3814374E-13   3.3801323E-13
    0.000000       3.9131795E-19   1.0918946E-18   2.5629782E-18 
   5.6845833E-18   1.2140698E-17   2.5059950E-17   5.0039530E-17 
   9.6697493E-17   1.8088577E-16   3.2762668E-16   5.7468184E-16 
   9.7640654E-16   1.6071967E-15   2.5634584E-15   3.9627306E-15 
   5.9385429E-15   8.6299359E-15   1.2165447E-14   1.6642686E-14 
   2.2106196E-14   2.8527619E-14   3.5792804E-14   4.3700317E-14 
   5.1973586E-14   6.0286181E-14   6.8296754E-14   7.5687578E-14 
   8.2199547E-14   8.7657414E-14   9.1981131E-14   9.5182630E-14 
   9.7350371E-14   9.8626131E-14   9.9179447E-14   9.9184346E-14 
   9.8801474E-14   9.8167107E-14   9.7388487E-14   9.6544273E-14 
   9.5688160E-14   9.4853995E-14   9.4061050E-14   9.3318663E-14 
   9.2629890E-14   9.1994127E-14   9.1408841E-14   9.0870657E-14 
   9.0375935E-14   8.9921133E-14   8.9502922E-14   8.9118234E-14 
   8.8764269E-14   8.8438500E-14   8.8138616E-14   8.7862511E-14 
   8.7608272E-14   8.7374139E-14   8.7158504E-14   8.6959885E-14 
   8.6776913E-14   8.6608333E-14   8.6452967E-14   8.6309744E-14 
   8.6177654E-14   8.6055756E-14   8.5943188E-14   8.5839118E-14 
   8.5742794E-14   8.5653490E-14   8.5570521E-14   8.5493258E-14 
   8.5421091E-14   8.5353457E-14   8.5289841E-14   8.5229810E-14 
   8.5173052E-14   8.5119439E-14   8.5069111E-14   8.5022525E-14 
   8.4980281E-14   8.4942673E-14   8.4908731E-14   8.4874788E-14
    0.000000       1.0168303E-19   2.8285226E-19   6.6137102E-19 
   1.4610047E-18   3.1080220E-18   6.3910712E-18   1.2715490E-17 
   2.4487064E-17   4.5656595E-17   8.2439050E-17   1.4418309E-16 
   2.4430431E-16   4.0111235E-16   6.3827109E-16   9.8456240E-16 
   1.4726130E-15   2.1363312E-15   3.0070104E-15   4.1083779E-15 
   5.4512372E-15   7.0286743E-15   8.8129348E-15   1.0755053E-14 
   1.2787754E-14   1.4831544E-14   1.6803131E-14   1.8624748E-14 
   2.0232675E-14   2.1583424E-14   2.2656615E-14   2.3454317E-14 
   2.3997407E-14   2.4320015E-14   2.4463328E-14   2.4469894E-14 
   2.4379223E-14   2.4225002E-14   2.4033896E-14   2.3825578E-14 
   2.3613564E-14   2.3406446E-14   2.3209174E-14   2.3024197E-14 
   2.2852371E-14   2.2693612E-14   2.2547334E-14   2.2412731E-14 
   2.2288918E-14   2.2175029E-14   2.2070243E-14   2.1973807E-14 
   2.1885029E-14   2.1803284E-14   2.1727999E-14   2.1658656E-14 
   2.1594776E-14   2.1535928E-14   2.1481706E-14   2.1431746E-14 
   2.1385708E-14   2.1343277E-14   2.1304161E-14   2.1268093E-14 
   2.1234820E-14   2.1204106E-14   2.1175737E-14   2.1149506E-14 
   2.1125222E-14   2.1102703E-14   2.1081779E-14   2.1062292E-14 
   2.1044090E-14   2.1027029E-14   2.1010981E-14   2.0995838E-14 
   2.0981519E-14   2.0967994E-14   2.0955297E-14   2.0943537E-14 
   2.0932859E-14   2.0923328E-14   2.0914694E-14   2.0906059E-14
    0.000000       2.5919727E-20   7.1879462E-20   1.6742270E-19 
   3.6836317E-19   7.8054831E-19   1.5989952E-18   3.1698516E-18 
   6.0834638E-18   1.1305836E-17   2.0351404E-17   3.5490856E-17 
   5.9972811E-17   9.8218400E-17   1.5592668E-16   2.4001271E-16 
   3.5829840E-16   5.1889731E-16   7.2928462E-16   9.9511940E-16 
   1.3189723E-15   1.6991886E-15   2.1291471E-15   2.5971680E-15 
   3.0871960E-15   3.5802367E-15   4.0563506E-15   4.4968645E-15 
   4.8864073E-15   5.2143975E-15   5.4757546E-15   5.6707712E-15 
   5.8042768E-15   5.8843260E-15   5.9207323E-15   5.9236991E-15 
   5.9027541E-15   5.8660665E-15   5.8201362E-15   5.7697868E-15 
   5.7183550E-15   5.6679786E-15   5.6199022E-15   5.5747545E-15 
   5.5327675E-15   5.4939366E-15   5.4581312E-15   5.4251613E-15 
   5.3948172E-15   5.3668897E-15   5.3411822E-15   5.3175119E-15 
   5.2957118E-15   5.2756304E-15   5.2571282E-15   5.2400800E-15 
   5.2243696E-15   5.2098909E-15   5.1965467E-15   5.1842474E-15 
   5.1729103E-15   5.1624583E-15   5.1528207E-15   5.1439316E-15 
   5.1357297E-15   5.1281573E-15   5.1211612E-15   5.1146916E-15 
   5.1087005E-15   5.1031448E-15   5.0979821E-15   5.0931731E-15 
   5.0886805E-15   5.0844698E-15   5.0805091E-15   5.0767716E-15 
   5.0732382E-15   5.0699000E-15   5.0667664E-15   5.0638620E-15 
   5.0612209E-15   5.0588573E-15   5.0567075E-15   5.0545582E-15
    0.000000       6.4851214E-21   1.7929122E-20   4.1600225E-20 
   9.1162496E-20   1.9241325E-19   3.9268608E-19   7.7566825E-19 
   1.4835551E-18   2.7481992E-18   4.9318547E-18   8.5759323E-18 
   1.4452678E-17   2.3610110E-17   3.7395658E-17   5.7440375E-17 
   8.5585241E-17   1.2373625E-16   1.7364649E-16   2.3664099E-16 
   3.1332029E-16   4.0329563E-16   5.0501597E-16   6.1574621E-16 
   7.3172455E-16   8.4849561E-16   9.6137308E-16   1.0659561E-15 
   1.1586049E-15   1.2367931E-15   1.2992796E-15   1.3460861E-15 
   1.3783070E-15   1.3978081E-15   1.4068834E-15   1.4079342E-15 
   1.4032154E-15   1.3946706E-15   1.3838545E-15   1.3719277E-15 
   1.3596983E-15   1.3476875E-15   1.3362028E-15   1.3254017E-15 
   1.3153453E-15   1.3060366E-15   1.2974471E-15   1.2895329E-15 
   1.2822451E-15   1.2755347E-15   1.2693550E-15   1.2636627E-15 
   1.2584181E-15   1.2535852E-15   1.2491308E-15   1.2450250E-15 
   1.2412404E-15   1.2377514E-15   1.2345347E-15   1.2315693E-15 
   1.2288350E-15   1.2263137E-15   1.2239882E-15   1.2218429E-15 
   1.2198631E-15   1.2180349E-15   1.2163456E-15   1.2147830E-15 
   1.2133361E-15   1.2119939E-15   1.2107466E-15   1.2095846E-15 
   1.2084992E-15   1.2074817E-15   1.2065246E-15   1.2056216E-15 
   1.2047678E-15   1.2039613E-15   1.2032041E-15   1.2025019E-15 
   1.2018624E-15   1.2012883E-15   1.2007643E-15   1.2002403E-15
    0.000000       1.5935106E-21   4.3920350E-21   1.0151562E-20 
   2.2157227E-20   4.6583662E-20   9.4713699E-20   1.8641836E-19 
   3.5533629E-19   6.5612266E-19   1.1738858E-18   2.0354214E-18 
   3.4210445E-18   5.5747788E-18   8.8095538E-18   1.3503275E-17 
   2.0081583E-17   2.8984313E-17   4.0615336E-17   5.5279428E-17 
   7.3114408E-17   9.4030530E-17   1.1767092E-16   1.4340637E-16 
   1.7037108E-16   1.9753845E-16   2.2382668E-16   2.4821694E-16 
   2.6986290E-16   2.8817223E-16   3.0284766E-16   3.1388328E-16 
   3.2152238E-16   3.2618913E-16   3.2841016E-16   3.2874040E-16 
   3.2770379E-16   3.2575439E-16   3.2325734E-16   3.2048677E-16 
   3.1763468E-16   3.1482600E-16   3.1213500E-16   3.0960049E-16 
   3.0723815E-16   3.0504960E-16   3.0302876E-16   3.0116585E-16 
   2.9944955E-16   2.9786859E-16   2.9641206E-16   2.9506996E-16 
   2.9383303E-16   2.9269282E-16   2.9164162E-16   2.9067241E-16 
   2.8977873E-16   2.8895468E-16   2.8819478E-16   2.8749402E-16 
   2.8684779E-16   2.8625174E-16   2.8570191E-16   2.8519456E-16 
   2.8472626E-16   2.8429377E-16   2.8389408E-16   2.8352432E-16 
   2.8318188E-16   2.8286422E-16   2.8256900E-16   2.8229395E-16 
   2.8203698E-16   2.8179611E-16   2.8156955E-16   2.8135578E-16 
   2.8115369E-16   2.8096281E-16   2.8078356E-16   2.8061722E-16 
   2.8046553E-16   2.8032894E-16   2.8020374E-16   2.8007854E-16
    0.000000       3.8494428E-22   1.0577400E-21   2.4354314E-21 
   5.2944394E-21   1.1087619E-20   2.2458889E-20   4.4046670E-20 
   8.3674250E-20   1.5400814E-19   2.7470676E-19   4.7496488E-19 
   7.9617700E-19   1.2942076E-18   2.0405127E-18   3.1211826E-18 
   4.6329782E-18   6.6756987E-18   9.3408320E-18   1.2697310E-17 
   1.6776232E-17   2.1557233E-17   2.6959573E-17   3.2840930E-17 
   3.9005381E-17   4.5220336E-17   5.1240279E-17   5.6833317E-17 
   6.1805969E-17   6.6021771E-17   6.9410796E-17   7.1969226E-17 
   7.3750133E-17   7.4848285E-17   7.5382491E-17   7.5478775E-17 
   7.5256826E-17   7.4820869E-17   7.4255203E-17   7.3623449E-17 
   7.2970446E-17   7.2325589E-17   7.1706520E-17   7.1122610E-17 
   7.0577776E-17   7.0072627E-17   6.9605905E-17   6.9175427E-17 
   6.8778685E-17   6.8413084E-17   6.8076164E-17   6.7765614E-17 
   6.7479316E-17   6.7215340E-17   6.6971911E-17   6.6747414E-17 
   6.6540367E-17   6.6349408E-17   6.6173278E-17   6.6010826E-17 
   6.5860987E-17   6.5722762E-17   6.5595231E-17   6.5477539E-17 
   6.5368888E-17   6.5268534E-17   6.5175777E-17   6.5089962E-17 
   6.5010474E-17   6.4936735E-17   6.4868198E-17   6.4804347E-17 
   6.4744684E-17   6.4688766E-17   6.4636171E-17   6.4586547E-17 
   6.4539642E-17   6.4495339E-17   6.4453721E-17   6.4415089E-17 
   6.4379791E-17   6.4347915E-17   6.4318573E-17   6.4289232E-17
    0.000000       9.2405633E-23   2.5311325E-22   5.8049348E-22 
   1.2567745E-21   2.6213974E-21   5.2894977E-21   1.0336007E-20 
   1.9567153E-20   3.5896921E-20   6.3832481E-20   1.1004596E-19 
   1.8396907E-19   2.9829459E-19   4.6921562E-19   7.1619546E-19 
   1.0610627E-18   1.5262890E-18   2.1324394E-18   2.8949851E-18 
   3.8208904E-18   4.9055702E-18   6.1309006E-18   7.4649394E-18 
   8.8636927E-18   1.0274877E-17   1.1643196E-17   1.2916279E-17 
   1.4050233E-17   1.5013861E-17   1.5790850E-17   1.6379766E-17 
   1.6792063E-17   1.7048725E-17   1.7176339E-17   1.7203295E-17 
   1.7156712E-17   1.7060332E-17   1.6933462E-17   1.6790756E-17 
   1.6642606E-17   1.6495872E-17   1.6354719E-17   1.6221384E-17 
   1.6096840E-17   1.5981278E-17   1.5874443E-17   1.5775863E-17 
   1.5684974E-17   1.5601194E-17   1.5523965E-17   1.5452763E-17 
   1.5387108E-17   1.5326558E-17   1.5270710E-17   1.5219197E-17 
   1.5171677E-17   1.5127843E-17   1.5087407E-17   1.5050105E-17 
   1.5015692E-17   1.4983943E-17   1.4954648E-17   1.4927609E-17 
   1.4902643E-17   1.4879581E-17   1.4858265E-17   1.4838542E-17 
   1.4820271E-17   1.4803320E-17   1.4787566E-17   1.4772887E-17 
   1.4759172E-17   1.4746318E-17   1.4734229E-17   1.4722822E-17 
   1.4712042E-17   1.4701862E-17   1.4692296E-17   1.4683410E-17 
   1.4675279E-17   1.4667909E-17   1.4661096E-17   1.4654282E-17
    0.000000       2.6204036E-23   7.1526820E-23   1.6332247E-22 
   3.5198406E-22   7.3090717E-22   1.4685600E-21   2.8580546E-21 
   5.3898741E-21   9.8521961E-21   1.7459556E-20   3.0003502E-20 
   5.0008115E-20   8.0859651E-20   1.2686580E-19   1.9319062E-19 
   2.8561213E-19   4.1006605E-19   5.7197466E-19   7.7541017E-19 
   1.0222014E-18   1.3111380E-18   1.6374494E-18   1.9927298E-18 
   2.3653943E-18   2.7416587E-18   3.1069148E-18   3.4472841E-18 
   3.7510788E-18   4.0099193E-18   4.2193313E-18   4.3787670E-18 
   4.4911023E-18   4.5617749E-18   4.5977527E-18   4.6065362E-18 
   4.5953345E-18   4.5704988E-18   4.5372234E-18   4.4994746E-18 
   4.4600855E-18   4.4209416E-18   4.3831978E-18   4.3474864E-18 
   4.3140906E-18   4.2830779E-18   4.2543901E-18   4.2279075E-18 
   4.2034825E-18   4.1809621E-18   4.1601978E-18   4.1410502E-18 
   4.1233907E-18   4.1071015E-18   4.0920749E-18   4.0782118E-18 
   4.0654223E-18   4.0536226E-18   4.0427365E-18   4.0326924E-18 
   4.0234259E-18   4.0148754E-18   4.0069845E-18   3.9997007E-18 
   3.9929749E-18   3.9867616E-18   3.9810180E-18   3.9757030E-18 
   3.9707796E-18   3.9662119E-18   3.9619660E-18   3.9580104E-18 
   3.9543146E-18   3.9508508E-18   3.9475933E-18   3.9445204E-18 
   3.9416165E-18   3.9388740E-18   3.9362973E-18   3.9339018E-18 
   3.9317053E-18   3.9297060E-18   3.9278481E-18   3.9259903E-18
    0.000000       2.6204036E-23   7.1526820E-23   1.6332247E-22 
   3.5198406E-22   7.3090717E-22   1.4685600E-21   2.8580546E-21 
   5.3898741E-21   9.8521961E-21   1.7459556E-20   3.0003502E-20 
   5.0008115E-20   8.0859651E-20   1.2686580E-19   1.9319062E-19 
   2.8561213E-19   4.1006605E-19   5.7197466E-19   7.7541017E-19 
   1.0222014E-18   1.3111380E-18   1.6374494E-18   1.9927298E-18 
   2.3653943E-18   2.7416587E-18   3.1069148E-18   3.4472841E-18 
   3.7510788E-18   4.0099193E-18   4.2193313E-18   4.3787670E-18 
   4.4911023E-18   4.5617749E-18   4.5977527E-18   4.6065362E-18 
   4.5953345E-18   4.5704988E-18   4.5372234E-18   4.4994746E-18 
   4.4600855E-18   4.4209416E-18   4.3831978E-18   4.3474864E-18 
   4.3140906E-18   4.2830779E-18   4.2543901E-18   4.2279075E-18 
   4.2034825E-18   4.1809621E-18   4.1601978E-18   4.1410502E-18 
   4.1233907E-18   4.1071015E-18   4.0920749E-18   4.0782118E-18 
   4.0654223E-18   4.0536226E-18   4.0427365E-18   4.0326924E-18 
   4.0234259E-18   4.0148754E-18   4.0069845E-18   3.9997007E-18 
   3.9929749E-18   3.9867616E-18   3.9810180E-18   3.9757030E-18 
   3.9707796E-18   3.9662119E-18   3.9619660E-18   3.9580104E-18 
   3.9543146E-18   3.9508508E-18   3.9475933E-18   3.9445204E-18 
   3.9416165E-18   3.9388740E-18   3.9362973E-18   3.9339018E-18 
   3.9317053E-18   3.9297060E-18   3.9278481E-18   3.9259903E-18
