   0.5000000       0.4977987       0.4915328       0.4818368     
   0.4692602       0.4542622       0.4372020       0.4183324     
   0.3978024       0.3756688       0.3519177       0.3264925     
   0.2993316       0.2704129       0.2398095       0.2077526     
   0.1746986       0.1413890       0.1088855       7.8557774E-02 
   5.2000396E-02   3.0867208E-02   1.6632846E-02   1.0330172E-02 
   8.8574402E-03   8.1296144E-03   7.4517820E-03   6.7446176E-03 
   6.0315523E-03   5.3437096E-03   4.7033574E-03   4.1229380E-03 
   3.6071993E-03   3.1556233E-03   2.7644746E-03   2.4283270E-03 
   2.1410969E-03   1.8966876E-03   1.6893554E-03   1.5138878E-03 
   1.3656667E-03   1.2406631E-03   1.1353964E-03   1.0468793E-03 
   9.7255933E-04   9.1026101E-04   8.5813337E-04   8.1460312E-04 
   7.7833334E-04   7.4818882E-04   7.2320545E-04   7.0256495E-04 
   6.8557309E-04   6.7164126E-04   6.6027092E-04   6.5104023E-04 
   6.4359279E-04   6.3762796E-04   6.3289242E-04   6.2917313E-04 
   6.2629121E-04   6.2409695E-04   6.2246504E-04   6.2129105E-04 
   6.2048796E-04   6.1998359E-04   6.1971805E-04   6.1964180E-04 
   6.1971380E-04   6.1990018E-04   6.2017265E-04   6.2050764E-04 
   6.2088505E-04   6.2128756E-04   6.2169944E-04   6.2210596E-04 
   6.2249287E-04   6.2284566E-04   6.2314962E-04   6.2339014E-04 
   6.2355382E-04   6.2363030E-04   6.2361493E-04   6.2364567E-04
   0.5000000       0.4977987       0.4915328       0.4818368     
   0.4692602       0.4542622       0.4372020       0.4183324     
   0.3978024       0.3756688       0.3519177       0.3264925     
   0.2993316       0.2704129       0.2398095       0.2077526     
   0.1746986       0.1413890       0.1088855       7.8557774E-02 
   5.2000396E-02   3.0867208E-02   1.6632846E-02   1.0330172E-02 
   8.8574402E-03   8.1296144E-03   7.4517820E-03   6.7446176E-03 
   6.0315523E-03   5.3437096E-03   4.7033574E-03   4.1229380E-03 
   3.6071993E-03   3.1556233E-03   2.7644746E-03   2.4283270E-03 
   2.1410969E-03   1.8966876E-03   1.6893554E-03   1.5138878E-03 
   1.3656667E-03   1.2406631E-03   1.1353964E-03   1.0468793E-03 
   9.7255933E-04   9.1026101E-04   8.5813337E-04   8.1460312E-04 
   7.7833334E-04   7.4818882E-04   7.2320545E-04   7.0256495E-04 
   6.8557309E-04   6.7164126E-04   6.6027092E-04   6.5104023E-04 
   6.4359279E-04   6.3762796E-04   6.3289242E-04   6.2917313E-04 
   6.2629121E-04   6.2409695E-04   6.2246504E-04   6.2129105E-04 
   6.2048796E-04   6.1998359E-04   6.1971805E-04   6.1964180E-04 
   6.1971380E-04   6.1990018E-04   6.2017265E-04   6.2050764E-04 
   6.2088505E-04   6.2128756E-04   6.2169944E-04   6.2210596E-04 
   6.2249287E-04   6.2284566E-04   6.2314962E-04   6.2339014E-04 
   6.2355382E-04   6.2363030E-04   6.2361493E-04   6.2364567E-04
   0.5000000       0.4978612       0.4917390       0.4822199     
   0.4698507       0.4550914       0.4383007       0.4197293     
   0.3995229       0.3777335       0.3543395       0.3292731     
   0.3024557       0.2738416       0.2434729       0.2115430     
   0.1784684       0.1449557       0.1120505       8.1140786E-02 
   5.3888727E-02   3.2066066E-02   1.7291684E-02   1.0710579E-02 
   9.1255372E-03   8.3028283E-03   7.5372215E-03   6.7574689E-03 
   5.9915427E-03   5.2701412E-03   4.6122251E-03   4.0260036E-03 
   3.5122493E-03   3.0672522E-03   2.6849690E-03   2.3584422E-03 
   2.0806578E-03   1.8450111E-03   1.6455244E-03   1.4769202E-03 
   1.3346112E-03   1.2146479E-03   1.1136489E-03   1.0287290E-03 
   9.5743191E-04   8.9766836E-04   8.4766309E-04   8.0590782E-04 
   7.7112106E-04   7.4221432E-04   7.1826309E-04   6.9848238E-04 
   6.8220578E-04   6.6886831E-04   6.5799110E-04   6.4916903E-04 
   6.4205966E-04   6.3637394E-04   6.3186843E-04   6.2833837E-04 
   6.2561186E-04   6.2354491E-04   6.2201713E-04   6.2092807E-04 
   6.2019419E-04   6.1974605E-04   6.1952614E-04   6.1948691E-04 
   6.1958900E-04   6.1979989E-04   6.2009244E-04   6.2044407E-04 
   6.2083569E-04   6.2125048E-04   6.2167348E-04   6.2209053E-04 
   6.2248763E-04   6.2285044E-04   6.2316394E-04   6.2341295E-04 
   6.2358298E-04   6.2366255E-04   6.2364654E-04   6.2367856E-04
   0.5000000       0.4979385       0.4920357       0.4828500     
   0.4709031       0.4566395       0.4404083       0.4224533     
   0.4029142       0.3818357       0.3591849       0.3348758     
   0.3088006       0.2808701       0.2510651       0.2195006     
   0.1865022       0.1526884       0.1190458       8.6970784E-02 
   5.8242712E-02   3.4880247E-02   1.8841732E-02   1.1576784E-02 
   9.7040124E-03   8.6512696E-03   7.6876679E-03   6.7542600E-03 
   5.8831661E-03   5.0997161E-03   4.4130604E-03   3.8211376E-03 
   3.3160227E-03   2.8875046E-03   2.5251124E-03   2.2191110E-03 
   1.9608955E-03   1.7430602E-03   1.5593190E-03   1.4043702E-03 
   1.2737549E-03   1.1637216E-03   1.0711085E-03   9.9324551E-04 
   9.2787255E-04   8.7307423E-04   8.2722557E-04   7.8894646E-04 
   7.5706426E-04   7.3058234E-04   7.0865336E-04   6.9055730E-04 
   6.7568262E-04   6.6351012E-04   6.5359974E-04   6.4557878E-04 
   6.3913205E-04   6.3399359E-04   6.2993920E-04   6.2678027E-04 
   6.2435842E-04   6.2254112E-04   6.2121742E-04   6.2029489E-04 
   6.1969657E-04   6.1935862E-04   6.1922817E-04   6.1926153E-04 
   6.1942253E-04   6.1968132E-04   6.2001322E-04   6.2039751E-04 
   6.2081672E-04   6.2125566E-04   6.2170054E-04   6.2213826E-04 
   6.2255573E-04   6.2293868E-04   6.2327180E-04   6.2353833E-04 
   6.2372175E-04   6.2380795E-04   6.2379061E-04   6.2382530E-04
   0.5000000       0.4980463       0.4924521       0.4837448     
   0.4724154       0.4588858       0.4434889       0.4264587     
   0.4079275       0.3879329       0.3664309       0.3433156     
   0.3184441       0.2916707       0.2628907       0.2321009     
   0.1994774       0.1654732       0.1309290       9.7178668E-02 
   6.6110417E-02   4.0105473E-02   2.1737715E-02   1.3126904E-02 
   1.0656354E-02   9.1552185E-03   7.8425258E-03   6.6643953E-03 
   5.6434972E-03   4.7843084E-03   4.0731300E-03   3.4884929E-03 
   3.0081701E-03   2.6124015E-03   2.2848465E-03   2.0124633E-03 
   1.7849943E-03   1.5943828E-03   1.4342587E-03   1.2995303E-03 
   1.1860800E-03   1.0905386E-03   1.0101185E-03   9.4249210E-04 
   8.8570133E-04   8.3809142E-04   7.9825905E-04   7.6501176E-04 
   7.3733478E-04   7.1436429E-04   6.9536461E-04   6.7970960E-04 
   6.6686654E-04   6.5638276E-04   6.4787391E-04   6.4101437E-04 
   6.3552847E-04   6.3118344E-04   6.2778301E-04   6.2516204E-04 
   6.2318181E-04   6.2172621E-04   6.2069821E-04   6.2001683E-04 
   6.1961485E-04   6.1943638E-04   6.1943539E-04   6.1957364E-04 
   6.1981974E-04   6.2014780E-04   6.2053639E-04   6.2096771E-04 
   6.2142673E-04   6.2190043E-04   6.2237703E-04   6.2284514E-04 
   6.2329276E-04   6.2370632E-04   6.2406983E-04   6.2436447E-04 
   6.2456972E-04   6.2466710E-04   6.2464742E-04   6.2468677E-04
   0.5000000       0.4981854       0.4929880       0.4848951     
   0.4743629       0.4617860       0.4474795       0.4316665     
   0.4144741       0.3959370       0.3760060       0.3545614     
   0.3314306       0.3064112       0.2793032       0.2499568     
   0.2183412       0.1846452       0.1494172       0.1137489     
   7.9484850E-02   4.9378652E-02   2.6970511E-02   1.5767151E-02 
   1.2058045E-02   9.7284960E-03   7.8630438E-03   6.3548866E-03 
   5.1692673E-03   4.2544594E-03   3.5516864E-03   3.0082897E-03 
   2.5827177E-03   2.2442925E-03   1.9710844E-03   1.7475900E-03 
   1.5628085E-03   1.4088164E-03   1.2797754E-03   1.1712664E-03 
   1.0798534E-03   1.0027974E-03   9.3786715E-04   8.8321400E-04 
   8.3728589E-04   7.9876924E-04   7.6654664E-04   7.3966460E-04 
   7.1730849E-04   6.9878215E-04   6.8349071E-04   6.7092630E-04 
   6.6065567E-04   6.5230991E-04   6.4557540E-04   6.4018572E-04 
   6.3591538E-04   6.3257368E-04   6.2999967E-04   6.2805798E-04 
   6.2663498E-04   6.2563532E-04   6.2497961E-04   6.2460144E-04 
   6.2444585E-04   6.2446733E-04   6.2462810E-04   6.2489725E-04 
   6.2524929E-04   6.2566326E-04   6.2612206E-04   6.2661147E-04 
   6.2711962E-04   6.2763633E-04   6.2815240E-04   6.2865880E-04 
   6.2914548E-04   6.2959996E-04   6.3000584E-04   6.3034135E-04 
   6.3057995E-04   6.3069479E-04   6.3067139E-04   6.3071819E-04
   0.5000000       0.4983526       0.4936310       0.4862742     
   0.4766984       0.4652692       0.4522827       0.4379536     
   0.4224089       0.4056887       0.3877508       0.3684778     
   0.3476859       0.3251361       0.3005491       0.2736313     
   0.2441169       0.2118445       0.1768872       0.1397791     
   0.1018895       6.5975673E-02   3.6725305E-02   2.0329846E-02 
   1.3924845E-02   1.0133408E-02   7.4935225E-03   5.6327190E-03 
   4.3444103E-03   3.4581232E-03   2.8410794E-03   2.4001086E-03 
   2.0742684E-03   1.8251089E-03   1.6286396E-03   1.4698082E-03 
   1.3389961E-03   1.2298736E-03   1.1381056E-03   1.0605815E-03 
   9.9496124E-04   9.3940779E-04   8.9242746E-04   8.5277361E-04 
   8.1938750E-04   7.9136121E-04   7.6791213E-04   7.4836472E-04 
   7.3213590E-04   7.1872299E-04   7.0769357E-04   6.9867639E-04 
   6.9135329E-04   6.8545237E-04   6.8074162E-04   6.7702372E-04 
   6.7413115E-04   6.7192223E-04   6.7027716E-04   6.6909520E-04 
   6.6829158E-04   6.6779542E-04   6.6754763E-04   6.6749885E-04 
   6.6760834E-04   6.6784228E-04   6.6817302E-04   6.6857762E-04 
   6.6903763E-04   6.6953781E-04   6.7006587E-04   6.7061180E-04 
   6.7116739E-04   6.7172584E-04   6.7228102E-04   6.7282707E-04 
   6.7335670E-04   6.7385961E-04   6.7431963E-04   6.7471137E-04 
   6.7499891E-04   6.7514105E-04   6.7511154E-04   6.7517062E-04
   0.5000000       0.4985430       0.4943626       0.4878427     
   0.4793561       0.4692369       0.4577637       0.4451460     
   0.4315176       0.4169354       0.4013808       0.3847626     
   0.3669182       0.3476139       0.3265423       0.3033215     
   0.2774986       0.2485682       0.2160263       0.1795117     
   0.1391646       9.6498288E-02   5.6268938E-02   2.8883930E-02 
   1.6226489E-02   1.0107511E-02   6.5747718E-03   4.4993265E-03 
   3.3071018E-03   2.6220975E-03   2.2149321E-03   1.9574026E-03 
   1.7814931E-03   1.6518815E-03   1.5502144E-03   1.4668112E-03 
   1.3964294E-03   1.3361059E-03   1.2840453E-03   1.2390467E-03 
   1.2002137E-03   1.1668113E-03   1.1381991E-03   1.1138011E-03 
   1.0930944E-03   1.0756038E-03   1.0609016E-03   1.0486050E-03 
   1.0383746E-03   1.0299115E-03   1.0229540E-03   1.0172748E-03 
   1.0126770E-03   1.0089906E-03   1.0060701E-03   1.0037903E-03 
   1.0020451E-03   1.0007441E-03   9.9981017E-04   9.9917885E-04 
   9.9879538E-04   9.9861401E-04   9.9859643E-04   9.9871063E-04 
   9.9893019E-04   9.9923322E-04   9.9960156E-04   1.0000205E-03 
   1.0004783E-03   1.0009650E-03   1.0014731E-03   1.0019963E-03 
   1.0025301E-03   1.0030706E-03   1.0036153E-03   1.0041615E-03 
   1.0047059E-03   1.0052414E-03   1.0057532E-03   1.0062122E-03 
   1.0065682E-03   1.0067531E-03   1.0067128E-03   1.0067935E-03
   0.5000000       0.4987504       0.4951597       0.4895521     
   0.4822536       0.4735665       0.4637523       0.4530189     
   0.4415137       0.4293212       0.4164642       0.4029037     
   0.3885372       0.3731922       0.3566134       0.3384432     
   0.3181933       0.2952080       0.2686116       0.2372394     
   0.1995749       0.1539233       0.1001648       4.9980946E-02 
   2.1969253E-02   1.2137835E-02   7.3474315E-03   5.2173720E-03 
   4.3671345E-03   4.0515843E-03   3.9379406E-03   3.8936459E-03 
   3.8695482E-03   3.8487080E-03   3.8261765E-03   3.8013167E-03 
   3.7748988E-03   3.7479918E-03   3.7215513E-03   3.6962903E-03 
   3.6726715E-03   3.6509468E-03   3.6312090E-03   3.6134419E-03 
   3.5975585E-03   3.5834315E-03   3.5709145E-03   3.5598560E-03 
   3.5501064E-03   3.5415252E-03   3.5339813E-03   3.5273565E-03 
   3.5215442E-03   3.5164484E-03   3.5119855E-03   3.5080805E-03 
   3.5046677E-03   3.5016893E-03   3.4990951E-03   3.4968404E-03 
   3.4948867E-03   3.4932001E-03   3.4917514E-03   3.4905144E-03 
   3.4894671E-03   3.4885898E-03   3.4878659E-03   3.4872810E-03 
   3.4868224E-03   3.4864794E-03   3.4862433E-03   3.4861066E-03 
   3.4860636E-03   3.4861099E-03   3.4862428E-03   3.4864608E-03 
   3.4867621E-03   3.4871427E-03   3.4875881E-03   3.4880606E-03 
   3.4884822E-03   3.4887271E-03   3.4886678E-03   3.4887868E-03
   0.5000000       0.4989682       0.4959965       0.4913470     
   0.4852974       0.4781170       0.4700506       0.4613063     
   0.4520490       0.4423986       0.4324315       0.4221814     
   0.4116375       0.4007388       0.3893604       0.3772928     
   0.3642130       0.3496470       0.3329235       0.3131080     
   0.2888676       0.2580461       0.2158998       0.1469496     
   7.7583998E-02   4.3364681E-02   3.1346843E-02   2.7351227E-02 
   2.5879610E-02   2.5202435E-02   2.4805088E-02   2.4526184E-02 
   2.4306638E-02   2.4120476E-02   2.3954954E-02   2.3803707E-02 
   2.3663668E-02   2.3533421E-02   2.3412293E-02   2.3299882E-02 
   2.3195827E-02   2.3099735E-02   2.3011161E-02   2.2929626E-02 
   2.2854635E-02   2.2785703E-02   2.2722362E-02   2.2664169E-02 
   2.2610711E-02   2.2561613E-02   2.2516523E-02   2.2475123E-02 
   2.2437120E-02   2.2402249E-02   2.2370266E-02   2.2340948E-02 
   2.2314090E-02   2.2289509E-02   2.2267029E-02   2.2246497E-02 
   2.2227766E-02   2.2210706E-02   2.2195194E-02   2.2181122E-02 
   2.2168383E-02   2.2156887E-02   2.2146549E-02   2.2137290E-02 
   2.2129044E-02   2.2121742E-02   2.2115335E-02   2.2109769E-02 
   2.2105001E-02   2.2100998E-02   2.2097727E-02   2.2095166E-02 
   2.2093294E-02   2.2092082E-02   2.2091484E-02   2.2091400E-02 
   2.2091644E-02   2.2091903E-02   2.2091817E-02   2.2091988E-02
   0.5000000       0.4991891       0.4968458       0.4931695     
   0.4883885       0.4827384       0.4764462       0.4697191     
   0.4627396       0.4556639       0.4486249       0.4417351     
   0.4350873       0.4287527       0.4227718       0.4171409     
   0.4117931       0.4065804       0.4012614       0.3954995     
   0.3888516       0.3806494       0.3694431       0.3512924     
   0.3171695       0.2749383       0.2417398       0.2195058     
   0.2052917       0.1961334       0.1900212       0.1857422     
   0.1825878       0.1801440       0.1781663       0.1765080     
   0.1750799       0.1738261       0.1727110       0.1717105     
   0.1708077       0.1699897       0.1692466       0.1685701     
   0.1679534       0.1673903       0.1668758       0.1664051     
   0.1659743       0.1655797       0.1652182       0.1648868     
   0.1645831       0.1643047       0.1640496       0.1638157     
   0.1636016       0.1634055       0.1632261       0.1630622     
   0.1629124       0.1627759       0.1626515       0.1625384     
   0.1624358       0.1623430       0.1622592       0.1621838     
   0.1621163       0.1620562       0.1620031       0.1619565     
   0.1619160       0.1618815       0.1618525       0.1618290     
   0.1618106       0.1617971       0.1617882       0.1617832     
   0.1617812       0.1617809       0.1617808       0.1617810    
   0.5000000       0.4994062       0.4976811       0.4949628     
   0.4914302       0.4872835       0.4827294       0.4779711     
   0.4732031       0.4686118       0.4643785       0.4606842     
   0.4577129       0.4556515       0.4546843       0.4549814     
   0.4566789       0.4598542       0.4644913       0.4704251     
   0.4772170       0.4838531       0.4880738       0.4853149     
   0.4689044       0.4409827       0.4116627       0.3866774     
   0.3673346       0.3529259       0.3422560       0.3342500     
   0.3280981       0.3232346       0.3192777       0.3159731     
   0.3131520       0.3107013       0.3085439       0.3066259     
   0.3049084       0.3033623       0.3019650       0.3006982     
   0.2995470       0.2984988       0.2975431       0.2966704     
   0.2958728       0.2951433       0.2944755       0.2938640     
   0.2933039       0.2927907       0.2923206       0.2918899     
   0.2914955       0.2911345       0.2908041       0.2905022     
   0.2902263       0.2899747       0.2897453       0.2895367     
   0.2893472       0.2891756       0.2890205       0.2888809     
   0.2887556       0.2886437       0.2885445       0.2884572     
   0.2883812       0.2883157       0.2882605       0.2882150     
   0.2881788       0.2881515       0.2881324       0.2881206     
   0.2881147       0.2881128       0.2881130       0.2881127    
   0.5000000       0.4996134       0.4984786       0.4966756     
   0.4943344       0.4916187       0.4887111       0.4858046     
   0.4830973       0.4807933       0.4791059       0.4782620     
   0.4785059       0.4800989       0.4833120       0.4884096     
   0.4956192       0.5050840       0.5167896       0.5304488     
   0.5453161       0.5598993       0.5716065       0.5766638     
   0.5713926       0.5563586       0.5363812       0.5159674     
   0.4976324       0.4822255       0.4696786       0.4595597     
   0.4513698       0.4446653       0.4390931       0.4343867     
   0.4303508       0.4268434       0.4237615       0.4210290     
   0.4185892       0.4163988       0.4144236       0.4126365     
   0.4110151       0.4095407       0.4081976       0.4069724     
   0.4058533       0.4048302       0.4038942       0.4030373     
   0.4022526       0.4015339       0.4008755       0.4002724     
   0.3997201       0.3992144       0.3987518       0.3983287     
   0.3979422       0.3975894       0.3972678       0.3969750     
   0.3967090       0.3964679       0.3962498       0.3960531     
   0.3958765       0.3957186       0.3955783       0.3954544     
   0.3953462       0.3952527       0.3951733       0.3951074     
   0.3950543       0.3950135       0.3949841       0.3949651     
   0.3949549       0.3949513       0.3949518       0.3949509    
   0.5000000       0.4998054       0.4992185       0.4982652     
   0.4970286       0.4956343       0.4942370       0.4930122     
   0.4921512       0.4918610       0.4923664       0.4939128     
   0.4967682       0.5012201       0.5075642       0.5160811     
   0.5269960       0.5404153       0.5562353       0.5740163     
   0.5928258       0.6110758       0.6264609       0.6362434     
   0.6382467       0.6324568       0.6211131       0.6070628     
   0.5925624       0.5789598       0.5668568       0.5563861     
   0.5474401       0.5398164       0.5332972       0.5276845     
   0.5228121       0.5185469       0.5147836       0.5114402     
   0.5084522       0.5057685       0.5033486       0.5011590     
   0.4991726       0.4973663       0.4957209       0.4942198     
   0.4928487       0.4915950       0.4904479       0.4893977     
   0.4884358       0.4875546       0.4867471       0.4860074     
   0.4853298       0.4847094       0.4841415       0.4836220     
   0.4831473       0.4827138       0.4823185       0.4819585     
   0.4816312       0.4813342       0.4810655       0.4808230     
   0.4806049       0.4804097       0.4802360       0.4800824     
   0.4799478       0.4798312       0.4797318       0.4796487     
   0.4795814       0.4795289       0.4794905       0.4794650     
   0.4794509       0.4794458       0.4794464       0.4794451    
   0.5000000       0.4999784       0.4998859       0.4997001     
   0.4994592       0.4992503       0.4991964       0.4994491     
   0.5001825       0.5015922       0.5038951       0.5073301     
   0.5121565       0.5186482       0.5270783       0.5376918     
   0.5506608       0.5660203       0.5835818       0.6028313     
   0.6228287       0.6421515       0.6589637       0.6713240     
   0.6777933       0.6781194       0.6733195       0.6650627     
   0.6550043       0.6444239       0.6341476       0.6246210     
   0.6160262       0.6083860       0.6016403       0.5956935     
   0.5904425       0.5857900       0.5816503       0.5779509     
   0.5746310       0.5716404       0.5689377       0.5664879     
   0.5642623       0.5622362       0.5603886       0.5587015     
   0.5571592       0.5557480       0.5544559       0.5532722     
   0.5521874       0.5511931       0.5502816       0.5494461     
   0.5486805       0.5479791       0.5473368       0.5467491     
   0.5462117       0.5457208       0.5452729       0.5448648     
   0.5444936       0.5441566       0.5438514       0.5435758     
   0.5433278       0.5431056       0.5429075       0.5427322     
   0.5425782       0.5424446       0.5423303       0.5422344     
   0.5421561       0.5420947       0.5420493       0.5420188     
   0.5420015       0.5419951       0.5419960       0.5419942    
   0.5000000       0.5001301       0.5004718       0.5009606     
   0.5015932       0.5024183       0.5035251       0.5050355     
   0.5070987       0.5098873       0.5135955       0.5184369     
   0.5246403       0.5324405       0.5420615       0.5536888     
   0.5674276       0.5832469       0.6009111       0.6199099     
   0.6394065       0.6582369       0.6750084       0.6883352     
   0.6971928       0.7012473       0.7009231       0.6971610     
   0.6910728       0.6836770       0.6757674       0.6678896     
   0.6603755       0.6533979       0.6470229       0.6412521     
   0.6360517       0.6313722       0.6271592       0.6233605     
   0.6199279       0.6168194       0.6139981       0.6114321     
   0.6090943       0.6069608       0.6050115       0.6032282     
   0.6015955       0.6000994       0.5987279       0.5974702     
   0.5963163       0.5952576       0.5942864       0.5933955     
   0.5925784       0.5918294       0.5911431       0.5905147     
   0.5899398       0.5894144       0.5889347       0.5884975     
   0.5880994       0.5877379       0.5874103       0.5871143     
   0.5868477       0.5866086       0.5863953       0.5862062     
   0.5860400       0.5858955       0.5857715       0.5856673     
   0.5855818       0.5855145       0.5854644       0.5854305     
   0.5854111       0.5854037       0.5854048       0.5854027    
   0.5000000       0.5002595       0.5009723       0.5020384     
   0.5034171       0.5051199       0.5072013       0.5097507     
   0.5128866       0.5167515       0.5215078       0.5273331     
   0.5344142       0.5429359       0.5530647       0.5649235     
   0.5785570       0.5938883       0.6106710       0.6284458     
   0.6465194       0.6639859       0.6798134       0.6930051     
   0.7028063       0.7088816       0.7113670       0.7107738     
   0.7078132       0.7032269       0.6976720       0.6916677     
   0.6855863       0.6796716       0.6740673       0.6688452     
   0.6640300       0.6596171       0.6555864       0.6519097     
   0.6485567       0.6454973       0.6427037       0.6401500     
   0.6378134       0.6356736       0.6337122       0.6319132     
   0.6302621       0.6287462       0.6273540       0.6260750     
   0.6248999       0.6238205       0.6228290       0.6219184     
   0.6210825       0.6203156       0.6196122       0.6189677     
   0.6183777       0.6178380       0.6173450       0.6168953     
   0.6164857       0.6161134       0.6157759       0.6154706     
   0.6151956       0.6149487       0.6147283       0.6145328     
   0.6143607       0.6142108       0.6140821       0.6139736     
   0.6138845       0.6138141       0.6137614       0.6137256     
   0.6137050       0.6136972       0.6136982       0.6136960    
   0.5000000       0.5003666       0.5013880       0.5029349     
   0.5049338       0.5073617       0.5102389       0.5136214     
   0.5175947       0.5222676       0.5277671       0.5342313     
   0.5418021       0.5506142       0.5607798       0.5723677     
   0.5853767       0.5997052       0.6151193       0.6312298     
   0.6474864       0.6632036       0.6776266       0.6900356     
   0.6998703       0.7068316       0.7109206       0.7124025     
   0.7117167       0.7093759       0.7058812       0.7016693     
   0.6970881       0.6923944       0.6877648       0.6833113     
   0.6790980       0.6751555       0.6714926       0.6681048     
   0.6649797       0.6621013       0.6594519       0.6570141     
   0.6547710       0.6527069       0.6508070       0.6490581     
   0.6474481       0.6459656       0.6446007       0.6433442     
   0.6421875       0.6411229       0.6401436       0.6392429     
   0.6384150       0.6376545       0.6369564       0.6363160     
   0.6357291       0.6351919       0.6347008       0.6342525     
   0.6338438       0.6334722       0.6331350       0.6328299     
   0.6325548       0.6323076       0.6320869       0.6318908     
   0.6317182       0.6315677       0.6314383       0.6313290     
   0.6312392       0.6311679       0.6311147       0.6310782     
   0.6310573       0.6310493       0.6310503       0.6310481    
   0.5000000       0.5004528       0.5017232       0.5036594     
   0.5061595       0.5091699       0.5126784       0.5167085     
   0.5213128       0.5265670       0.5325624       0.5393993     
   0.5471780       0.5559886       0.5658984       0.5769346     
   0.5890664       0.6021829       0.6160758       0.6304264     
   0.6448092       0.6587135       0.6715906       0.6829209     
   0.6922891       0.6994457       0.7043359       0.7070870     
   0.7079633       0.7073067       0.7054806       0.7028267     
   0.6996393       0.6961545       0.6925504       0.6889541     
   0.6854506       0.6820932       0.6789122       0.6759216     
   0.6731253       0.6705200       0.6680989       0.6658528     
   0.6637717       0.6618449       0.6600622       0.6584137     
   0.6568899       0.6554821       0.6541817       0.6529812     
   0.6518734       0.6508516       0.6499097       0.6490419     
   0.6482429       0.6475078       0.6468321       0.6462116     
   0.6456422       0.6451206       0.6446431       0.6442069     
   0.6438091       0.6434470       0.6431181       0.6428204     
   0.6425517       0.6423103       0.6420944       0.6419026     
   0.6417336       0.6415861       0.6414592       0.6413519     
   0.6412636       0.6411936       0.6411411       0.6411051     
   0.6410844       0.6410765       0.6410776       0.6410754    
   0.5000000       0.5005198       0.5019847       0.5042263     
   0.5071195       0.5105836       0.5145771       0.5190935     
   0.5241548       0.5298055       0.5361044       0.5431182     
   0.5509116       0.5595390       0.5690333       0.5793934     
   0.5905710       0.6024579       0.6148747       0.6275669     
   0.6402094       0.6524246       0.6638148       0.6740046     
   0.6826874       0.6896638       0.6948620       0.6983344     
   0.7002358       0.7007889       0.7002482       0.6988693     
   0.6968864       0.6944999       0.6918719       0.6891273     
   0.6863577       0.6836280       0.6809813       0.6784452     
   0.6760353       0.6737596       0.6716202       0.6696159     
   0.6677430       0.6659963       0.6643699       0.6628575     
   0.6614527       0.6601491       0.6589405       0.6578208     
   0.6567845       0.6558260       0.6549402       0.6541224     
   0.6533679       0.6526725       0.6520322       0.6514433     
   0.6509023       0.6504059       0.6499512       0.6495353     
   0.6491556       0.6488097       0.6484953       0.6482105     
   0.6479533       0.6477219       0.6475150       0.6473310     
   0.6471687       0.6470271       0.6469051       0.6468019     
   0.6467170       0.6466495       0.6465988       0.6465642     
   0.6465442       0.6465366       0.6465377       0.6465355    
   0.5000000       0.5005698       0.5021809       0.5046536     
   0.5078442       0.5116491       0.5160015       0.5208681     
   0.5262436       0.5321446       0.5386023       0.5456547     
   0.5533384       0.5616807       0.5706900       0.5803475     
   0.5905978       0.6013408       0.6124262       0.6236531     
   0.6347748       0.6455126       0.6555775       0.6646979     
   0.6726479       0.6792721       0.6844994       0.6883435     
   0.6908923       0.6922882       0.6927056       0.6923299     
   0.6913404       0.6898991       0.6881443       0.6861891     
   0.6841224       0.6820117       0.6799064       0.6778419     
   0.6758421       0.6739229       0.6720937       0.6703598     
   0.6687230       0.6671831       0.6657382       0.6643857     
   0.6631219       0.6619431       0.6608450       0.6598237     
   0.6588749       0.6579944       0.6571784       0.6564229     
   0.6557243       0.6550789       0.6544836       0.6539351     
   0.6534304       0.6529667       0.6525413       0.6521517     
   0.6517956       0.6514709       0.6511756       0.6509077     
   0.6506656       0.6504478       0.6502528       0.6500793     
   0.6499261       0.6497924       0.6496772       0.6495796     
   0.6494993       0.6494355       0.6493875       0.6493548     
   0.6493358       0.6493286       0.6493296       0.6493276    
   0.5000000       0.5006051       0.5023209       0.5049603     
   0.5083660       0.5124156       0.5170209       0.5221254     
   0.5277005       0.5337394       0.5402499       0.5472472     
   0.5547464       0.5627552       0.5712661       0.5802503     
   0.5896516       0.5993811       0.6093153       0.6192963     
   0.6291370       0.6386312       0.6475680       0.6557497     
   0.6630098       0.6692286       0.6743429       0.6783475     
   0.6812903       0.6832611       0.6843776       0.6847718     
   0.6845775       0.6839213       0.6829168       0.6816613     
   0.6802354       0.6787040       0.6771174       0.6755145     
   0.6739238       0.6723663       0.6708568       0.6694053     
   0.6680182       0.6666994       0.6654506       0.6642721     
   0.6631631       0.6621222       0.6611474       0.6602361     
   0.6593857       0.6585935       0.6578568       0.6571725     
   0.6565379       0.6559502       0.6554068       0.6549051     
   0.6544425       0.6540168       0.6536256       0.6532669     
   0.6529386       0.6526389       0.6523659       0.6521181     
   0.6518940       0.6516922       0.6515114       0.6513503     
   0.6512082       0.6510839       0.6509768       0.6508861     
   0.6508113       0.6507519       0.6507073       0.6506768     
   0.6506591       0.6506525       0.6506534       0.6506515    
   0.5000000       0.5006282       0.5024136       0.5051658     
   0.5087174       0.5129315       0.5177023       0.5229544     
   0.5286394       0.5347313       0.5412190       0.5481003     
   0.5553743       0.5630350       0.5710655       0.5794325     
   0.5880826       0.5969391       0.6059013       0.6148455     
   0.6236297       0.6321004       0.6401023       0.6474904     
   0.6541413       0.6599634       0.6649032       0.6689472     
   0.6721197       0.6744766       0.6760966       0.6770726     
   0.6775030       0.6774847       0.6771084       0.6764553     
   0.6755952       0.6745873       0.6734799       0.6723115     
   0.6711130       0.6699079       0.6687142       0.6675454     
   0.6664111       0.6653184       0.6642719       0.6632746     
   0.6623279       0.6614327       0.6605885       0.6597947     
   0.6590502       0.6583532       0.6577022       0.6570953     
   0.6565306       0.6560059       0.6555195       0.6550692     
   0.6546531       0.6542694       0.6539162       0.6535917     
   0.6532943       0.6530224       0.6527745       0.6525492     
   0.6523452       0.6521612       0.6519963       0.6518494     
   0.6517195       0.6516059       0.6515080       0.6514250     
   0.6513566       0.6513022       0.6512613       0.6512334     
   0.6512172       0.6512111       0.6512119       0.6512102    
   0.5000000       0.5006413       0.5024675       0.5052879     
   0.5089287       0.5132420       0.5181081       0.5234361     
   0.5291620       0.5352442       0.5416569       0.5483847     
   0.5554152       0.5627334       0.5703171       0.5781322     
   0.5861299       0.5942453       0.6023968       0.6104876     
   0.6184092       0.6260464       0.6332839       0.6400142     
   0.6461452       0.6516065       0.6563540       0.6603715     
   0.6636696       0.6662825       0.6682625       0.6696746     
   0.6705905       0.6710836       0.6712250       0.6710807     
   0.6707101       0.6701648       0.6694890       0.6687196     
   0.6678870       0.6670156       0.6661252       0.6652311     
   0.6643454       0.6634772       0.6626334       0.6618191     
   0.6610377       0.6602916       0.6595821       0.6589101     
   0.6582755       0.6576781       0.6571172       0.6565919     
   0.6561010       0.6556433       0.6552174       0.6548221     
   0.6544557       0.6541170       0.6538045       0.6535168     
   0.6532527       0.6530108       0.6527900       0.6525889     
   0.6524067       0.6522422       0.6520946       0.6519629     
   0.6518465       0.6517445       0.6516566       0.6515821     
   0.6515205       0.6514716       0.6514348       0.6514097     
   0.6513951       0.6513896       0.6513904       0.6513888    
   0.5000000       0.5006464       0.5024903       0.5053431     
   0.5090276       0.5133878       0.5182936       0.5236421     
   0.5293570       0.5353841       0.5416870       0.5482400     
   0.5550228       0.5620150       0.5691916       0.5765197     
   0.5839562       0.5914465       0.5989247       0.6063150     
   0.6135338       0.6204941       0.6271093       0.6332989     
   0.6389933       0.6441382       0.6486976       0.6526551     
   0.6560138       0.6587940       0.6610304       0.6627683     
   0.6640597       0.6649598       0.6655237       0.6658046     
   0.6658515       0.6657088       0.6654158       0.6650060     
   0.6645084       0.6639471       0.6633421       0.6627098     
   0.6620634       0.6614136       0.6607686       0.6601353     
   0.6595184       0.6589219       0.6583484       0.6577998     
   0.6572775       0.6567821       0.6563138       0.6558727     
   0.6554583       0.6550701       0.6547073       0.6543692     
   0.6540549       0.6537635       0.6534938       0.6532450     
   0.6530160       0.6528058       0.6526135       0.6524383     
   0.6522791       0.6521353       0.6520060       0.6518906     
   0.6517885       0.6516990       0.6516216       0.6515561     
   0.6515020       0.6514589       0.6514264       0.6514043     
   0.6513914       0.6513865       0.6513872       0.6513858    
   0.5000000       0.5006452       0.5024889       0.5053460     
   0.5090382       0.5134044       0.5183069       0.5236339     
   0.5292993       0.5352399       0.5414106       0.5477787     
   0.5543184       0.5610061       0.5678160       0.5747173     
   0.5816723       0.5886356       0.5955541       0.6023681     
   0.6090129       0.6154220       0.6215298       0.6272750     
   0.6326048       0.6374768       0.6418617       0.6457444     
   0.6491236       0.6520110       0.6544295       0.6564106     
   0.6579921       0.6592151       0.6601224       0.6607561     
   0.6611565       0.6613609       0.6614034       0.6613140     
   0.6611192       0.6608419       0.6605017       0.6601149     
   0.6596955       0.6592547       0.6588019       0.6583446     
   0.6578892       0.6574403       0.6570018       0.6565766     
   0.6561669       0.6557742       0.6553998       0.6550442     
   0.6547078       0.6543907       0.6540927       0.6538137     
   0.6535531       0.6533104       0.6530851       0.6528766     
   0.6526840       0.6525069       0.6523445       0.6521960     
   0.6520611       0.6519389       0.6518288       0.6517305     
   0.6516433       0.6515668       0.6515007       0.6514446     
   0.6513981       0.6513612       0.6513333       0.6513143     
   0.6513032       0.6512989       0.6512995       0.6512983    
   0.5000000       0.5006394       0.5024689       0.5053088     
   0.5089812       0.5133222       0.5181891       0.5234633     
   0.5290518       0.5348843       0.5409098       0.5470903     
   0.5533966       0.5598032       0.5662845       0.5728123     
   0.5793540       0.5858721       0.5923233       0.5986606     
   0.6048338       0.6107913       0.6164828       0.6218616     
   0.6268865       0.6315247       0.6357521       0.6395551     
   0.6429304       0.6458843       0.6484317       0.6505946     
   0.6524003       0.6538796       0.6550654       0.6559911     
   0.6566893       0.6571911       0.6575255       0.6577191     
   0.6577955       0.6577759       0.6576787       0.6575198     
   0.6573129       0.6570698       0.6568002       0.6565124     
   0.6562133       0.6559083       0.6556023       0.6552987     
   0.6550006       0.6547104       0.6544297       0.6541600     
   0.6539022       0.6536570       0.6534247       0.6532056     
   0.6529997       0.6528069       0.6526271       0.6524597     
   0.6523047       0.6521616       0.6520299       0.6519092     
   0.6517992       0.6516993       0.6516092       0.6515285     
   0.6514568       0.6513939       0.6513394       0.6512930     
   0.6512546       0.6512240       0.6512009       0.6511850     
   0.6511758       0.6511723       0.6511728       0.6511718    
   0.5000000       0.5006300       0.5024354       0.5052419     
   0.5088739       0.5131667       0.5179740       0.5231730     
   0.5286656       0.5343766       0.5402504       0.5462456     
   0.5523307       0.5584794       0.5646670       0.5708678     
   0.5770537       0.5831935       0.5892524       0.5951928     
   0.6009753       0.6065598       0.6119074       0.6169817     
   0.6217509       0.6261886       0.6302755       0.6339997     
   0.6373567       0.6403494       0.6429876       0.6452865     
   0.6472659       0.6489489       0.6503608       0.6515278     
   0.6524763       0.6532320       0.6538194       0.6542615     
   0.6545791       0.6547914       0.6549153       0.6549659     
   0.6549566       0.6548987       0.6548023       0.6546758     
   0.6545265       0.6543604       0.6541829       0.6539980     
   0.6538094       0.6536201       0.6534323       0.6532479     
   0.6530685       0.6528952       0.6527288       0.6525701     
   0.6524194       0.6522770       0.6521431       0.6520178     
   0.6519009       0.6517923       0.6516920       0.6515997     
   0.6515151       0.6514382       0.6513685       0.6513059     
   0.6512501       0.6512011       0.6511585       0.6511222     
   0.6510920       0.6510679       0.6510497       0.6510372     
   0.6510298       0.6510270       0.6510274       0.6510267    
   0.5000000       0.5006182       0.5023922       0.5051539     
   0.5087308       0.5129586       0.5176895       0.5227979     
   0.5281823       0.5337640       0.5394843       0.5452997     
   0.5511772       0.5570902       0.5630152       0.5689289     
   0.5748072       0.5806240       0.5863510       0.5919583     
   0.5974145       0.6026883       0.6077492       0.6125688     
   0.6171218       0.6213875       0.6253499       0.6289986     
   0.6323289       0.6353419       0.6380434       0.6404441     
   0.6425585       0.6444038       0.6459994       0.6473660     
   0.6485248       0.6494969       0.6503028       0.6509622     
   0.6514933       0.6519131       0.6522371       0.6524792     
   0.6526518       0.6527662       0.6528320       0.6528578     
   0.6528509       0.6528177       0.6527638       0.6526938     
   0.6526117       0.6525210       0.6524242       0.6523238     
   0.6522219       0.6521199       0.6520190       0.6519205     
   0.6518250       0.6517332       0.6516455       0.6515623     
   0.6514839       0.6514103       0.6513417       0.6512781     
   0.6512194       0.6511656       0.6511167       0.6510725     
   0.6510330       0.6509980       0.6509675       0.6509415     
   0.6509198       0.6509023       0.6508891       0.6508799     
   0.6508746       0.6508725       0.6508728       0.6508722    
   0.5000000       0.5006048       0.5023425       0.5050516     
   0.5085632       0.5127147       0.5173580       0.5223659     
   0.5276348       0.5330839       0.5386525       0.5442954     
   0.5499792       0.5556772       0.5613671       0.5670280     
   0.5726390       0.5781783       0.5836226       0.5889480     
   0.5941294       0.5991421       0.6039619       0.6085666     
   0.6129359       0.6170532       0.6209053       0.6244833     
   0.6277828       0.6308032       0.6335482       0.6360252     
   0.6382447       0.6402197       0.6419650       0.6434969     
   0.6448324       0.6459888       0.6469831       0.6478322     
   0.6485516       0.6491563       0.6496603       0.6500763     
   0.6504158       0.6506893       0.6509061       0.6510745     
   0.6512020       0.6512951       0.6513592       0.6513994     
   0.6514201       0.6514248       0.6514166       0.6513984     
   0.6513723       0.6513404       0.6513043       0.6512653     
   0.6512245       0.6511829       0.6511413       0.6511003     
   0.6510603       0.6510217       0.6509849       0.6509501     
   0.6509174       0.6508870       0.6508590       0.6508334     
   0.6508102       0.6507896       0.6507714       0.6507556     
   0.6507425       0.6507317       0.6507236       0.6507178     
   0.6507144       0.6507131       0.6507133       0.6507129    
   0.5000000       0.5005905       0.5022890       0.5049405     
   0.5083805       0.5124485       0.5169973       0.5218991     
   0.5270493       0.5323657       0.5377865       0.5432656     
   0.5487692       0.5542713       0.5597506       0.5651881     
   0.5705657       0.5758649       0.5810668       0.5861517     
   0.5910998       0.5958912       0.6005068       0.6049286     
   0.6091407       0.6131294       0.6168839       0.6203966     
   0.6236632       0.6266825       0.6294568       0.6319909     
   0.6342925       0.6363714       0.6382389       0.6399080     
   0.6413921       0.6427054       0.6438621       0.6448762     
   0.6457613       0.6465304       0.6471959       0.6477691     
   0.6482607       0.6486803       0.6490368       0.6493382     
   0.6495917       0.6498037       0.6499798       0.6501251     
   0.6502441       0.6503406       0.6504181       0.6504795     
   0.6505273       0.6505638       0.6505910       0.6506105     
   0.6506236       0.6506316       0.6506355       0.6506362     
   0.6506343       0.6506307       0.6506255       0.6506194     
   0.6506127       0.6506057       0.6505986       0.6505916     
   0.6505848       0.6505784       0.6505725       0.6505672     
   0.6505626       0.6505587       0.6505556       0.6505532     
   0.6505518       0.6505512       0.6505513       0.6505511    
   0.5000000       0.5005757       0.5022336       0.5048249     
   0.5081899       0.5121707       0.5166215       0.5214149     
   0.5264460       0.5316321       0.5369106       0.5422352     
   0.5475721       0.5528956       0.5581857       0.5634251     
   0.5685979       0.5736883       0.5786808       0.5835593     
   0.5883077       0.5929102       0.5973512       0.6016165     
   0.6056930       0.6095698       0.6132378       0.6166906     
   0.6199240       0.6229367       0.6257297       0.6283064     
   0.6306723       0.6328346       0.6348023       0.6365853     
   0.6381946       0.6396416       0.6409382       0.6420959     
   0.6431265       0.6440413       0.6448510       0.6455659     
   0.6461955       0.6467487       0.6472339       0.6476585     
   0.6480294       0.6483530       0.6486346       0.6488795     
   0.6490920       0.6492763       0.6494359       0.6495739     
   0.6496931       0.6497961       0.6498848       0.6499612     
   0.6500270       0.6500836       0.6501322       0.6501739     
   0.6502097       0.6502403       0.6502665       0.6502889     
   0.6503079       0.6503240       0.6503377       0.6503492     
   0.6503587       0.6503666       0.6503730       0.6503780     
   0.6503819       0.6503848       0.6503867       0.6503878     
   0.6503883       0.6503885       0.6503885       0.6503885    
   0.5000000       0.5005610       0.5021779       0.5047083     
   0.5079969       0.5118893       0.5162414       0.5209267     
   0.5258407       0.5309005       0.5360433       0.5412230     
   0.5464058       0.5515667       0.5566866       0.5617498     
   0.5667420       0.5716500       0.5764605       0.5811606     
   0.5857370       0.5901770       0.5944679       0.5985982     
   0.6025574       0.6063363       0.6099275       0.6133254     
   0.6165264       0.6195288       0.6223330       0.6249413     
   0.6273575       0.6295871       0.6316370       0.6335150     
   0.6352299       0.6367909       0.6382079       0.6394905     
   0.6406487       0.6416923       0.6426305       0.6434726     
   0.6442271       0.6449021       0.6455051       0.6460433     
   0.6465232       0.6469507       0.6473312       0.6476697     
   0.6479708       0.6482384       0.6484763       0.6486877     
   0.6488754       0.6490422       0.6491904       0.6493220     
   0.6494390       0.6495428       0.6496350       0.6497168     
   0.6497894       0.6498537       0.6499106       0.6499609     
   0.6500053       0.6500443       0.6500784       0.6501082     
   0.6501338       0.6501558       0.6501743       0.6501896     
   0.6502019       0.6502115       0.6502184       0.6502228     
   0.6502253       0.6502262       0.6502261       0.6502264    
   0.5000000       0.5005465       0.5021230       0.5045931     
   0.5078060       0.5116107       0.5158653       0.5204448     
   0.5252451       0.5301839       0.5351985       0.5402430     
   0.5452837       0.5502966       0.5552633       0.5601692     
   0.5650017       0.5697494       0.5744011       0.5789461     
   0.5833735       0.5876728       0.5918338       0.5958471     
   0.5997040       0.6033970       0.6069199       0.6102679     
   0.6134377       0.6164277       0.6192377       0.6218690     
   0.6243247       0.6266086       0.6287262       0.6306835     
   0.6324875       0.6341459       0.6356665       0.6370577     
   0.6383277       0.6394849       0.6405376       0.6414936     
   0.6423606       0.6431459       0.6438566       0.6444991     
   0.6450795       0.6456034       0.6460761       0.6465024     
   0.6468866       0.6472329       0.6475450       0.6478261     
   0.6480792       0.6483072       0.6485124       0.6486971     
   0.6488634       0.6490129       0.6491472       0.6492680     
   0.6493763       0.6494734       0.6495603       0.6496379     
   0.6497070       0.6497684       0.6498226       0.6498702     
   0.6499116       0.6499474       0.6499779       0.6500033     
   0.6500239       0.6500400       0.6500518       0.6500596     
   0.6500641       0.6500657       0.6500655       0.6500659    
   0.5000000       0.5005324       0.5020699       0.5044812     
   0.5076203       0.5113395       0.5154995       0.5199767     
   0.5246682       0.5294922       0.5343864       0.5393052     
   0.5442155       0.5490937       0.5539222       0.5586875     
   0.5633784       0.5679848       0.5724972       0.5769067     
   0.5812042       0.5853812       0.5894292       0.5933405     
   0.5971080       0.6007254       0.6041875       0.6074901     
   0.6106303       0.6136066       0.6164184       0.6190666     
   0.6215531       0.6238810       0.6260543       0.6280780     
   0.6299574       0.6316989       0.6333089       0.6347943     
   0.6361622       0.6374196       0.6385737       0.6396315     
   0.6405997       0.6414849       0.6422934       0.6430311     
   0.6437039       0.6443168       0.6448749       0.6453829     
   0.6458450       0.6462652       0.6466471       0.6469941     
   0.6473092       0.6475953       0.6478549       0.6480904     
   0.6483038       0.6484972       0.6486721       0.6488304     
   0.6489732       0.6491020       0.6492179       0.6493220     
   0.6494151       0.6494982       0.6495719       0.6496369     
   0.6496938       0.6497430       0.6497851       0.6498203     
   0.6498491       0.6498715       0.6498882       0.6498993     
   0.6499056       0.6499079       0.6499076       0.6499082    
   0.5000000       0.5005190       0.5020191       0.5043740     
   0.5074423       0.5110794       0.5151486       0.5195283     
   0.5241166       0.5288325       0.5336144       0.5384169     
   0.5432076       0.5479633       0.5526673       0.5573069     
   0.5618719       0.5663533       0.5707432       0.5750338     
   0.5792178       0.5832879       0.5872373       0.5910594     
   0.5947484       0.5982991       0.6017069       0.6049684     
   0.6080810       0.6110430       0.6138538       0.6165139     
   0.6190246       0.6213881       0.6236076       0.6256868     
   0.6276301       0.6294426       0.6311296       0.6326967     
   0.6341501       0.6354958       0.6367398       0.6378882     
   0.6389470       0.6399221       0.6408193       0.6416438     
   0.6424009       0.6430957       0.6437327       0.6443163     
   0.6448507       0.6453398       0.6457872       0.6461961     
   0.6465696       0.6469105       0.6472217       0.6475053     
   0.6477637       0.6479988       0.6482126       0.6484067     
   0.6485826       0.6487419       0.6488857       0.6490152     
   0.6491315       0.6492355       0.6493281       0.6494099     
   0.6494817       0.6495440       0.6495973       0.6496421     
   0.6496786       0.6497074       0.6497287       0.6497430     
   0.6497511       0.6497541       0.6497537       0.6497545    
   0.5000000       0.5005065       0.5019711       0.5042727     
   0.5072736       0.5108328       0.5148161       0.5191036     
   0.5235950       0.5282100       0.5328876       0.5375832     
   0.5422646       0.5469093       0.5515012       0.5560281     
   0.5604810       0.5648518       0.5691336       0.5733198     
   0.5774041       0.5813807       0.5852436       0.5889875     
   0.5926075       0.5960991       0.5994586       0.6026829     
   0.6057696       0.6087173       0.6115253       0.6141936     
   0.6167231       0.6191155       0.6213731       0.6234989     
   0.6254963       0.6273695       0.6291229       0.6307611     
   0.6322892       0.6337122       0.6350356       0.6362646     
   0.6374044       0.6384603       0.6394373       0.6403404     
   0.6411745       0.6419440       0.6426533       0.6433067     
   0.6439081       0.6444611       0.6449693       0.6454359     
   0.6458641       0.6462567       0.6466163       0.6469454     
   0.6472462       0.6475209       0.6477715       0.6479996     
   0.6482071       0.6483954       0.6485658       0.6487197     
   0.6488581       0.6489822       0.6490928       0.6491907     
   0.6492768       0.6493517       0.6494158       0.6494697     
   0.6495138       0.6495485       0.6495743       0.6495917     
   0.6496016       0.6496052       0.6496047       0.6496058    
   0.5000000       0.5004947       0.5019262       0.5041777     
   0.5071155       0.5106016       0.5145043       0.5187057     
   0.5231068       0.5276282       0.5322098       0.5368074     
   0.5413893       0.5459335       0.5504245       0.5548508     
   0.5592039       0.5634767       0.5676630       0.5717572     
   0.5757540       0.5796484       0.5834355       0.5871108     
   0.5906699       0.5941093       0.5974257       0.6006164     
   0.6036793       0.6066130       0.6094168       0.6120905     
   0.6146347       0.6170505       0.6193397       0.6215045     
   0.6235479       0.6254730       0.6272835       0.6289831     
   0.6305763       0.6320674       0.6334608       0.6347611     
   0.6359730       0.6371011       0.6381499       0.6391240     
   0.6400276       0.6408651       0.6416405       0.6423578     
   0.6430206       0.6436326       0.6441971       0.6447173     
   0.6451964       0.6456370       0.6460418       0.6464134     
   0.6467541       0.6470661       0.6473513       0.6476116     
   0.6478488       0.6480646       0.6482602       0.6484371     
   0.6485966       0.6487397       0.6488675       0.6489808     
   0.6490805       0.6491672       0.6492417       0.6493043     
   0.6493556       0.6493961       0.6494262       0.6494465     
   0.6494581       0.6494623       0.6494617       0.6494629    
   0.5000000       0.5004838       0.5018846       0.5040897     
   0.5069687       0.5103869       0.5142148       0.5183365     
   0.5226541       0.5270895       0.5315832       0.5360914     
   0.5405832       0.5450369       0.5494373       0.5537738     
   0.5580382       0.5622242       0.5663263       0.5703395     
   0.5742594       0.5780817       0.5818021       0.5854170     
   0.5889226       0.5923159       0.5955939       0.5987543     
   0.6017954       0.6047158       0.6075146       0.6101916     
   0.6127471       0.6151818       0.6174971       0.6196948     
   0.6217771       0.6237465       0.6256061       0.6273590     
   0.6290088       0.6305592       0.6320141       0.6333774     
   0.6346533       0.6358457       0.6369587       0.6379965     
   0.6389629       0.6398619       0.6406972       0.6414726     
   0.6421916       0.6428576       0.6434738       0.6440434     
   0.6445693       0.6450544       0.6455013       0.6459124     
   0.6462902       0.6466368       0.6469544       0.6472449     
   0.6475100       0.6477515       0.6479708       0.6481694     
   0.6483487       0.6485097       0.6486537       0.6487815     
   0.6488941       0.6489921       0.6490763       0.6491472     
   0.6492053       0.6492512       0.6492853       0.6493084     
   0.6493215       0.6493264       0.6493258       0.6493271    
   0.5000000       0.5004738       0.5018466       0.5040089     
   0.5068339       0.5101895       0.5139487       0.5179971     
   0.5222384       0.5265954       0.5310091       0.5354366     
   0.5398471       0.5442196       0.5485392       0.5527956     
   0.5569815       0.5610907       0.5651185       0.5690606     
   0.5729129       0.5766720       0.5803340       0.5838959     
   0.5873544       0.5907069       0.5939509       0.5970843     
   0.6001055       0.6030132       0.6058066       0.6084853     
   0.6110495       0.6134996       0.6158365       0.6180617     
   0.6201769       0.6221841       0.6240858       0.6258847     
   0.6275836       0.6291858       0.6306945       0.6321132     
   0.6334454       0.6346949       0.6358650       0.6369596     
   0.6379822       0.6389365       0.6398259       0.6406538     
   0.6414238       0.6421388       0.6428022       0.6434169     
   0.6439859       0.6445118       0.6449972       0.6454448     
   0.6458569       0.6462356       0.6465831       0.6469015     
   0.6471925       0.6474579       0.6476993       0.6479181     
   0.6481158       0.6482937       0.6484528       0.6485941     
   0.6487187       0.6488273       0.6489206       0.6489992     
   0.6490638       0.6491147       0.6491526       0.6491783     
   0.6491929       0.6491984       0.6491976       0.6491991    
   0.5000000       0.5004647       0.5018119       0.5039353     
   0.5067112       0.5100099       0.5137065       0.5176885     
   0.5218607       0.5261467       0.5304884       0.5348433     
   0.5391811       0.5434811       0.5477288       0.5519146     
   0.5560310       0.5600727       0.5640352       0.5679149     
   0.5717081       0.5754118       0.5790228       0.5825382     
   0.5859555       0.5892721       0.5924861       0.5955954     
   0.5985986       0.6014946       0.6042824       0.6069618     
   0.6095326       0.6119950       0.6143499       0.6165981     
   0.6187411       0.6207805       0.6227182       0.6245565     
   0.6262979       0.6279449       0.6295006       0.6309677     
   0.6323495       0.6336491       0.6348697       0.6360147     
   0.6370873       0.6380908       0.6390286       0.6399038     
   0.6407195       0.6414788       0.6421848       0.6428404     
   0.6434483       0.6440113       0.6445320       0.6450128     
   0.6454562       0.6458643       0.6462393       0.6465834     
   0.6468982       0.6471856       0.6474473       0.6476848     
   0.6478995       0.6480929       0.6482659       0.6484198     
   0.6485555       0.6486738       0.6487756       0.6488615     
   0.6489319       0.6489875       0.6490290       0.6490571     
   0.6490731       0.6490791       0.6490783       0.6490799    
   0.5000000       0.5004566       0.5017807       0.5038692     
   0.5066008       0.5098483       0.5134887       0.5174110     
   0.5215211       0.5257437       0.5300211       0.5343114     
   0.5385848       0.5428206       0.5470051       0.5511285     
   0.5551841       0.5591667       0.5630723       0.5668976     
   0.5706393       0.5742948       0.5778614       0.5813364     
   0.5847177       0.5880030       0.5911905       0.5942785     
   0.5972657       0.6001509       0.6029333       0.6056125     
   0.6081883       0.6106607       0.6130303       0.6152977     
   0.6174640       0.6195306       0.6214991       0.6233711     
   0.6251490       0.6268348       0.6284309       0.6299401     
   0.6313650       0.6327085       0.6339734       0.6351627     
   0.6362793       0.6373265       0.6383071       0.6392242     
   0.6400807       0.6408796       0.6416237       0.6423159     
   0.6429588       0.6435552       0.6441076       0.6446185     
   0.6450902       0.6455249       0.6459249       0.6462922     
   0.6466286       0.6469361       0.6472163       0.6474708     
   0.6477010       0.6479085       0.6480943       0.6482596     
   0.6484056       0.6485329       0.6486424       0.6487347     
   0.6488106       0.6488706       0.6489153       0.6489456     
   0.6489629       0.6489694       0.6489685       0.6489702    
   0.5000000       0.5004493       0.5017530       0.5038105     
   0.5065027       0.5097048       0.5132953       0.5171648     
   0.5212200       0.5253865       0.5296074       0.5338408     
   0.5380576       0.5422373       0.5463665       0.5504356     
   0.5544383       0.5583696       0.5622259       0.5660041     
   0.5697014       0.5733153       0.5768434       0.5802836     
   0.5836337       0.5868919       0.5900564       0.5931258     
   0.5960988       0.5989743       0.6017516       0.6044301     
   0.6070095       0.6094899       0.6118715       0.6141549     
   0.6163408       0.6184303       0.6204246       0.6223254     
   0.6241342       0.6258531       0.6274841       0.6290295     
   0.6304916       0.6318730       0.6331763       0.6344042     
   0.6355593       0.6366446       0.6376628       0.6386166     
   0.6395091       0.6403428       0.6411206       0.6418452     
   0.6425193       0.6431454       0.6437260       0.6442636     
   0.6447605       0.6452191       0.6456414       0.6460295     
   0.6463853       0.6467108       0.6470075       0.6472773     
   0.6475216       0.6477417       0.6479390       0.6481147     
   0.6482698       0.6484051       0.6485216       0.6486199     
   0.6487007       0.6487646       0.6488122       0.6488445     
   0.6488629       0.6488698       0.6488689       0.6488708    
   0.5000000       0.5004429       0.5017288       0.5037589     
   0.5064168       0.5095792       0.5131264       0.5169498     
   0.5209573       0.5250751       0.5292467       0.5334310     
   0.5375987       0.5417300       0.5458115       0.5498340     
   0.5537912       0.5576786       0.5614927       0.5652306     
   0.5688899       0.5724683       0.5759637       0.5793741     
   0.5826976       0.5859325       0.5890772       0.5921305     
   0.5950912       0.5979581       0.6007305       0.6034080     
   0.6059902       0.6084769       0.6108683       0.6131648     
   0.6153669       0.6174755       0.6194915       0.6214163     
   0.6232513       0.6249982       0.6266587       0.6282349     
   0.6297287       0.6311426       0.6324788       0.6337397     
   0.6349280       0.6360461       0.6370967       0.6380824     
   0.6390060       0.6398700       0.6406772       0.6414301     
   0.6421313       0.6427833       0.6433886       0.6439497     
   0.6444688       0.6449482       0.6453901       0.6457965     
   0.6461695       0.6465108       0.6468222       0.6471055     
   0.6473621       0.6475935       0.6478010       0.6479858     
   0.6481490       0.6482915       0.6484142       0.6485178     
   0.6486029       0.6486702       0.6487204       0.6487545     
   0.6487739       0.6487812       0.6487802       0.6487822    
   0.5000000       0.5004374       0.5017078       0.5037146     
   0.5063432       0.5094718       0.5129819       0.5167661     
   0.5207329       0.5248092       0.5289390       0.5330814     
   0.5372075       0.5412977       0.5453388       0.5493218     
   0.5532407       0.5570910       0.5608696       0.5645736     
   0.5682011       0.5717496       0.5752175       0.5786029     
   0.5819039       0.5851192       0.5882474       0.5912870     
   0.5942370       0.5970966       0.5998648       0.6025411     
   0.6051252       0.6076169       0.6100162       0.6123233     
   0.6145386       0.6166628       0.6186967       0.6206415     
   0.6224982       0.6242684       0.6259534       0.6275553     
   0.6290758       0.6305168       0.6318806       0.6331695     
   0.6343857       0.6355316       0.6366097       0.6376225     
   0.6385726       0.6394624       0.6402946       0.6410716     
   0.6417960       0.6424702       0.6430968       0.6436780     
   0.6442162       0.6447136       0.6451724       0.6455946     
   0.6459823       0.6463373       0.6466614       0.6469563     
   0.6472236       0.6474648       0.6476811       0.6478738     
   0.6480440       0.6481927       0.6483207       0.6484289     
   0.6485178       0.6485881       0.6486405       0.6486761     
   0.6486964       0.6487041       0.6487030       0.6487051    
   0.5000000       0.5004328       0.5016901       0.5036776     
   0.5062820       0.5093827       0.5128621       0.5166138     
   0.5205469       0.5245888       0.5286838       0.5327914     
   0.5368831       0.5409393       0.5449470       0.5488975     
   0.5527847       0.5566046       0.5603540       0.5640303     
   0.5676315       0.5711557       0.5746010       0.5779658     
   0.5812485       0.5844477       0.5875621       0.5905904     
   0.5935317       0.5963850       0.5991495       0.6018248     
   0.6044102       0.6069058       0.6093112       0.6116267     
   0.6138526       0.6159894       0.6180378       0.6199986     
   0.6218729       0.6236619       0.6253670       0.6269898     
   0.6285321       0.6299954       0.6313819       0.6326937     
   0.6339329       0.6351017       0.6362026       0.6372377     
   0.6382097       0.6391209       0.6399739       0.6407709     
   0.6415147       0.6422074       0.6428516       0.6434496     
   0.6440037       0.6445161       0.6449890       0.6454245     
   0.6458246       0.6461910       0.6465258       0.6468305     
   0.6471068       0.6473561       0.6475798       0.6477792     
   0.6479553       0.6481093       0.6482418       0.6483538     
   0.6484458       0.6485187       0.6485730       0.6486099     
   0.6486310       0.6486389       0.6486378       0.6486400    
   0.5000000       0.5004290       0.5016760       0.5036483     
   0.5062337       0.5093125       0.5127677       0.5164934     
   0.5203996       0.5244138       0.5284809       0.5325608     
   0.5366248       0.5406539       0.5446351       0.5485596     
   0.5524218       0.5562175       0.5599437       0.5635981     
   0.5671786       0.5706834       0.5741109       0.5774595     
   0.5807276       0.5839141       0.5870176       0.5900369     
   0.5929712       0.5958195       0.5985810       0.6012552     
   0.6038416       0.6063399       0.6087501       0.6110721     
   0.6133062       0.6154527       0.6175123       0.6194857     
   0.6213737       0.6231775       0.6248984       0.6265377     
   0.6280969       0.6295779       0.6309824       0.6323123     
   0.6335697       0.6347567       0.6358755       0.6369285     
   0.6379179       0.6388462       0.6397157       0.6405288     
   0.6412880       0.6419955       0.6426539       0.6432654     
   0.6438323       0.6443567       0.6448410       0.6452871     
   0.6456971       0.6460728       0.6464161       0.6467287     
   0.6470122       0.6472681       0.6474978       0.6477026     
   0.6478835       0.6480416       0.6481779       0.6482930     
   0.6483876       0.6484625       0.6485183       0.6485562     
   0.6485779       0.6485861       0.6485850       0.6485872    
   0.5000000       0.5004262       0.5016661       0.5036280     
   0.5062000       0.5092627       0.5126998       0.5164058     
   0.5202913       0.5242844       0.5283303       0.5323889     
   0.5364321       0.5404407       0.5444018       0.5483069     
   0.5521503       0.5559280       0.5596370       0.5632749     
   0.5668400       0.5703304       0.5737447       0.5770811     
   0.5803385       0.5835154       0.5866107       0.5896234     
   0.5925524       0.5953968       0.5981560       0.6008293     
   0.6034163       0.6059167       0.6083302       0.6106569     
   0.6128969       0.6150506       0.6171184       0.6191010     
   0.6209992       0.6228140       0.6245465       0.6261980     
   0.6277699       0.6292639       0.6306818       0.6320251     
   0.6332961       0.6344966       0.6356290       0.6366953     
   0.6376978       0.6386388       0.6395207       0.6403458     
   0.6411166       0.6418353       0.6425043       0.6431259     
   0.6437024       0.6442360       0.6447288       0.6451829     
   0.6456004       0.6459831       0.6463329       0.6466514     
   0.6469405       0.6472014       0.6474355       0.6476444     
   0.6478289       0.6479902       0.6481292       0.6482467     
   0.6483433       0.6484197       0.6484767       0.6485155     
   0.6485376       0.6485459       0.6485448       0.6485471    
   0.5000000       0.5004254       0.5016628       0.5036200     
   0.5061840       0.5092359       0.5126601       0.5163521     
   0.5202227       0.5242008       0.5282317       0.5322755     
   0.5363043       0.5402988       0.5442464       0.5481384     
   0.5519691       0.5557347       0.5594321       0.5630592     
   0.5666140       0.5700948       0.5735002       0.5768285     
   0.5800787       0.5832493       0.5863391       0.5893472     
   0.5922727       0.5951145       0.5978721       0.6005448     
   0.6031321       0.6056337       0.6080495       0.6103792     
   0.6126232       0.6147815       0.6168547       0.6188434     
   0.6207482       0.6225702       0.6243104       0.6259699     
   0.6275504       0.6290530       0.6304796       0.6318320     
   0.6331120       0.6343216       0.6354629       0.6365381     
   0.6375493       0.6384989       0.6393891       0.6402223     
   0.6410008       0.6417270       0.6424032       0.6430316     
   0.6436145       0.6441543       0.6446528       0.6451124     
   0.6455349       0.6459224       0.6462765       0.6465991     
   0.6468918       0.6471561       0.6473933       0.6476049     
   0.6477919       0.6479554       0.6480962       0.6482152     
   0.6483132       0.6483907       0.6484485       0.6484878     
   0.6485103       0.6485187       0.6485176       0.6485199    
   0.5000000       0.5004302       0.5016741       0.5036317     
   0.5061913       0.5092358       0.5126510       0.5163333     
   0.5201943       0.5241629       0.5281847       0.5322201     
   0.5362408       0.5402277       0.5441680       0.5480531     
   0.5518774       0.5556367       0.5593282       0.5629497     
   0.5664992       0.5699751       0.5733760       0.5767003     
   0.5799467       0.5831140       0.5862011       0.5892069     
   0.5921304       0.5949709       0.5977277       0.6003999     
   0.6029873       0.6054896       0.6079063       0.6102375     
   0.6124834       0.6146441       0.6167200       0.6187117     
   0.6206198       0.6224455       0.6241895       0.6258531     
   0.6274377       0.6289448       0.6303759       0.6317328     
   0.6330174       0.6342316       0.6353774       0.6364571     
   0.6374728       0.6384267       0.6393211       0.6401585     
   0.6409410       0.6416710       0.6423508       0.6429827     
   0.6435690       0.6441119       0.6446134       0.6450757     
   0.6455009       0.6458907       0.6462471       0.6465718     
   0.6468664       0.6471324       0.6473713       0.6475843     
   0.6477725       0.6479371       0.6480789       0.6481988     
   0.6482974       0.6483755       0.6484337       0.6484734     
   0.6484961       0.6485047       0.6485035       0.6485059    
   0.5000000       0.5004302       0.5016741       0.5036317     
   0.5061913       0.5092358       0.5126510       0.5163333     
   0.5201943       0.5241629       0.5281847       0.5322201     
   0.5362408       0.5402277       0.5441680       0.5480531     
   0.5518774       0.5556367       0.5593282       0.5629497     
   0.5664992       0.5699751       0.5733760       0.5767003     
   0.5799467       0.5831140       0.5862011       0.5892069     
   0.5921304       0.5949709       0.5977277       0.6003999     
   0.6029873       0.6054896       0.6079063       0.6102375     
   0.6124834       0.6146441       0.6167200       0.6187117     
   0.6206198       0.6224455       0.6241895       0.6258531     
   0.6274377       0.6289448       0.6303759       0.6317328     
   0.6330174       0.6342316       0.6353774       0.6364571     
   0.6374728       0.6384267       0.6393211       0.6401585     
   0.6409410       0.6416710       0.6423508       0.6429827     
   0.6435690       0.6441119       0.6446134       0.6450757     
   0.6455009       0.6458907       0.6462471       0.6465718     
   0.6468664       0.6471324       0.6473713       0.6475843     
   0.6477725       0.6479371       0.6480789       0.6481988     
   0.6482974       0.6483755       0.6484337       0.6484734     
   0.6484961       0.6485047       0.6485035       0.6485059    
