0.000000 0.000000 0.000000 0.000000 0.000000 0.000000 0.000000 0.000000 0.000000 0.000000 0.000000 0.000000 0.000000 0.000000 0.000000 0.000000 0.000000 0.000000 0.000000 0.000000 0.000000 0.000000 0.000000 0.000000 0.000000 0.000000 0.000000 0.000000 0.000000 0.000000 0.000000 0.000000 0.000000 0.000000 0.000000 0.000000 0.000000 0.000000 0.000000 0.000000 0.000000 0.000000 0.000000 0.000000 0.000000 0.000000 0.000000 0.000000 0.000000 0.000000 0.000000 0.000000 0.000000 0.000000 0.000000 0.000000 0.000000 0.000000 0.000000 0.000000 0.000000 0.000000 0.000000 0.000000 0.000000 0.000000 0.000000 0.000000 0.000000 0.000000 0.000000 0.000000 0.000000 0.000000 0.000000 0.000000 0.000000 0.000000 0.000000 0.000000 0.000000 0.000000 0.000000 0.000000 
0.000000 -0.002483 -0.002398 -0.002449 -0.002452 -0.002452 -0.002453 -0.002453 -0.002453 -0.002454 -0.002454 -0.002454 -0.002454 -0.002454 -0.002455 -0.002455 -0.002455 -0.002455 -0.002455 -0.002455 -0.002455 -0.002455 -0.002447 -0.001231 -0.001227 -0.001227 -0.001227 -0.001227 -0.001227 -0.001227 -0.001227 -0.001226 -0.001226 -0.001226 -0.001226 -0.001226 -0.001226 -0.001226 -0.001226 -0.001226 -0.001226 -0.001226 -0.001225 -0.001225 -0.001225 -0.001225 -0.001225 -0.001225 -0.001225 -0.001225 -0.001224 -0.001224 -0.001224 -0.001224 -0.001224 -0.001224 -0.001224 -0.001223 -0.001223 -0.001223 -0.001223 -0.001223 -0.001223 -0.001223 -0.001222 -0.001222 -0.001222 -0.001222 -0.001222 -0.001222 -0.001222 -0.001221 -0.001221 -0.001221 -0.001221 -0.001221 -0.001221 -0.001221 -0.001221 -0.001220 -0.001220 -0.001220 -0.001220 -0.001220 
0.000000 -0.004974 -0.004912 -0.004964 -0.004967 -0.004967 -0.004968 -0.004968 -0.004968 -0.004969 -0.004969 -0.004969 -0.004969 -0.004970 -0.004970 -0.004970 -0.004970 -0.004970 -0.004970 -0.004970 -0.004970 -0.004970 -0.004954 -0.002477 -0.002469 -0.002469 -0.002469 -0.002469 -0.002469 -0.002469 -0.002468 -0.002468 -0.002468 -0.002468 -0.002468 -0.002468 -0.002468 -0.002468 -0.002468 -0.002468 -0.002468 -0.002468 -0.002467 -0.002467 -0.002467 -0.002467 -0.002467 -0.002467 -0.002467 -0.002467 -0.002466 -0.002466 -0.002466 -0.002466 -0.002466 -0.002466 -0.002466 -0.002465 -0.002465 -0.002465 -0.002465 -0.002465 -0.002465 -0.002464 -0.002464 -0.002464 -0.002464 -0.002464 -0.002464 -0.002464 -0.002463 -0.002463 -0.002463 -0.002463 -0.002463 -0.002463 -0.002463 -0.002462 -0.002462 -0.002462 -0.002462 -0.002462 -0.002462 -0.002462 
0.000000 -0.004982 -0.005030 -0.005031 -0.005031 -0.005031 -0.005031 -0.005031 -0.005031 -0.005031 -0.005031 -0.005031 -0.005031 -0.005031 -0.005031 -0.005031 -0.005031 -0.005031 -0.005031 -0.005031 -0.005031 -0.005031 -0.005014 -0.002492 -0.002484 -0.002484 -0.002484 -0.002484 -0.002484 -0.002484 -0.002484 -0.002484 -0.002484 -0.002484 -0.002484 -0.002484 -0.002484 -0.002484 -0.002484 -0.002484 -0.002484 -0.002484 -0.002484 -0.002484 -0.002484 -0.002484 -0.002484 -0.002484 -0.002484 -0.002484 -0.002484 -0.002484 -0.002484 -0.002484 -0.002484 -0.002484 -0.002484 -0.002484 -0.002484 -0.002484 -0.002484 -0.002484 -0.002484 -0.002484 -0.002484 -0.002484 -0.002484 -0.002484 -0.002484 -0.002484 -0.002484 -0.002484 -0.002484 -0.002484 -0.002484 -0.002484 -0.002484 -0.002484 -0.002484 -0.002484 -0.002484 -0.002484 -0.002484 -0.002484 
0.000000 -0.004982 -0.005032 -0.005032 -0.005032 -0.005032 -0.005032 -0.005032 -0.005032 -0.005032 -0.005032 -0.005032 -0.005032 -0.005032 -0.005032 -0.005032 -0.005032 -0.005032 -0.005032 -0.005032 -0.005032 -0.005032 -0.005015 -0.002493 -0.002484 -0.002484 -0.002484 -0.002484 -0.002484 -0.002484 -0.002484 -0.002484 -0.002484 -0.002484 -0.002484 -0.002484 -0.002484 -0.002484 -0.002484 -0.002484 -0.002484 -0.002484 -0.002484 -0.002484 -0.002484 -0.002484 -0.002484 -0.002484 -0.002484 -0.002484 -0.002484 -0.002484 -0.002484 -0.002484 -0.002484 -0.002484 -0.002484 -0.002484 -0.002484 -0.002484 -0.002484 -0.002484 -0.002484 -0.002484 -0.002484 -0.002484 -0.002484 -0.002484 -0.002484 -0.002484 -0.002484 -0.002484 -0.002484 -0.002484 -0.002484 -0.002484 -0.002484 -0.002484 -0.002484 -0.002484 -0.002484 -0.002484 -0.002484 -0.002484 
0.000000 -0.004982 -0.005032 -0.005032 -0.005032 -0.005032 -0.005032 -0.005032 -0.005032 -0.005032 -0.005032 -0.005032 -0.005032 -0.005032 -0.005032 -0.005032 -0.005032 -0.005032 -0.005032 -0.005032 -0.005032 -0.005032 -0.005015 -0.002493 -0.002484 -0.002484 -0.002484 -0.002484 -0.002484 -0.002484 -0.002484 -0.002484 -0.002484 -0.002484 -0.002484 -0.002484 -0.002484 -0.002484 -0.002484 -0.002484 -0.002484 -0.002484 -0.002484 -0.002484 -0.002484 -0.002484 -0.002484 -0.002484 -0.002484 -0.002484 -0.002484 -0.002484 -0.002484 -0.002484 -0.002484 -0.002484 -0.002484 -0.002484 -0.002484 -0.002484 -0.002484 -0.002484 -0.002484 -0.002484 -0.002484 -0.002484 -0.002484 -0.002484 -0.002484 -0.002484 -0.002484 -0.002484 -0.002484 -0.002484 -0.002484 -0.002484 -0.002484 -0.002484 -0.002484 -0.002484 -0.002484 -0.002484 -0.002484 -0.002484 
0.000000 -0.004982 -0.005032 -0.005032 -0.005032 -0.005032 -0.005032 -0.005032 -0.005032 -0.005032 -0.005032 -0.005032 -0.005032 -0.005032 -0.005032 -0.005032 -0.005032 -0.005032 -0.005032 -0.005032 -0.005032 -0.005032 -0.005015 -0.002493 -0.002484 -0.002484 -0.002484 -0.002484 -0.002484 -0.002484 -0.002484 -0.002484 -0.002484 -0.002484 -0.002484 -0.002484 -0.002484 -0.002484 -0.002484 -0.002484 -0.002484 -0.002484 -0.002484 -0.002484 -0.002484 -0.002484 -0.002484 -0.002484 -0.002484 -0.002484 -0.002484 -0.002484 -0.002484 -0.002484 -0.002484 -0.002484 -0.002484 -0.002484 -0.002484 -0.002484 -0.002484 -0.002484 -0.002484 -0.002484 -0.002484 -0.002484 -0.002484 -0.002484 -0.002484 -0.002484 -0.002484 -0.002484 -0.002484 -0.002484 -0.002484 -0.002484 -0.002484 -0.002484 -0.002484 -0.002484 -0.002484 -0.002484 -0.002484 -0.002484 
0.000000 -0.004982 -0.005032 -0.005032 -0.005032 -0.005032 -0.005032 -0.005032 -0.005032 -0.005032 -0.005032 -0.005032 -0.005032 -0.005032 -0.005032 -0.005032 -0.005032 -0.005032 -0.005032 -0.005032 -0.005032 -0.005032 -0.005016 -0.002508 -0.002485 -0.002484 -0.002484 -0.002484 -0.002484 -0.002484 -0.002484 -0.002484 -0.002484 -0.002484 -0.002484 -0.002484 -0.002484 -0.002484 -0.002484 -0.002484 -0.002484 -0.002484 -0.002484 -0.002484 -0.002484 -0.002484 -0.002484 -0.002484 -0.002484 -0.002484 -0.002484 -0.002484 -0.002484 -0.002484 -0.002484 -0.002484 -0.002484 -0.002484 -0.002484 -0.002484 -0.002484 -0.002484 -0.002484 -0.002484 -0.002484 -0.002484 -0.002484 -0.002484 -0.002484 -0.002484 -0.002484 -0.002484 -0.002484 -0.002484 -0.002484 -0.002484 -0.002484 -0.002484 -0.002484 -0.002484 -0.002484 -0.002484 -0.002484 -0.002484 
0.000000 -0.004982 -0.005032 -0.005032 -0.005032 -0.005032 -0.005032 -0.005032 -0.005032 -0.005032 -0.005032 -0.005032 -0.005032 -0.005032 -0.005032 -0.005032 -0.005032 -0.005032 -0.005032 -0.005032 -0.005032 -0.005032 -0.005024 -0.003740 -0.002504 -0.002500 -0.002500 -0.002500 -0.002500 -0.002500 -0.002500 -0.002500 -0.002500 -0.002500 -0.002500 -0.002500 -0.002500 -0.002500 -0.002501 -0.002501 -0.002501 -0.002501 -0.002501 -0.002501 -0.002501 -0.002501 -0.002501 -0.002502 -0.002502 -0.002502 -0.002502 -0.002502 -0.002502 -0.002502 -0.002503 -0.002503 -0.002503 -0.002503 -0.002503 -0.002503 -0.002503 -0.002504 -0.002504 -0.002504 -0.002504 -0.002504 -0.002504 -0.002504 -0.002505 -0.002505 -0.002505 -0.002505 -0.002505 -0.002505 -0.002505 -0.002506 -0.002506 -0.002506 -0.002506 -0.002506 -0.002506 -0.002506 -0.002506 -0.002506 
0.000000 -0.004982 -0.005032 -0.005032 -0.005032 -0.005032 -0.005032 -0.005032 -0.005032 -0.005032 -0.005032 -0.005032 -0.005032 -0.005032 -0.005032 -0.005032 -0.005032 -0.005032 -0.005032 -0.005032 -0.005032 -0.005032 -0.005032 -0.004994 -0.003747 -0.003743 -0.003743 -0.003743 -0.003743 -0.003743 -0.003743 -0.003743 -0.003743 -0.003742 -0.003742 -0.003742 -0.003742 -0.003742 -0.003742 -0.003742 -0.003742 -0.003742 -0.003742 -0.003742 -0.003741 -0.003741 -0.003741 -0.003741 -0.003741 -0.003741 -0.003741 -0.003741 -0.003740 -0.003740 -0.003740 -0.003740 -0.003740 -0.003740 -0.003740 -0.003739 -0.003739 -0.003739 -0.003739 -0.003739 -0.003739 -0.003739 -0.003739 -0.003738 -0.003738 -0.003738 -0.003738 -0.003738 -0.003738 -0.003738 -0.003737 -0.003737 -0.003737 -0.003737 -0.003737 -0.003737 -0.003737 -0.003737 -0.003736 -0.003736 
0.000000 -0.004982 -0.005032 -0.005032 -0.005032 -0.005032 -0.005032 -0.005032 -0.005032 -0.005032 -0.005032 -0.005032 -0.005032 -0.005032 -0.005032 -0.005032 -0.005032 -0.005032 -0.005032 -0.005032 -0.005032 -0.005032 -0.005032 -0.005031 -0.005002 -0.005001 -0.005001 -0.005001 -0.005001 -0.005001 -0.005001 -0.005000 -0.005000 -0.005000 -0.005000 -0.005000 -0.005000 -0.005000 -0.004999 -0.004999 -0.004999 -0.004999 -0.004998 -0.004998 -0.004998 -0.004998 -0.004998 -0.004997 -0.004997 -0.004997 -0.004996 -0.004996 -0.004996 -0.004996 -0.004995 -0.004995 -0.004995 -0.004994 -0.004994 -0.004994 -0.004994 -0.004993 -0.004993 -0.004993 -0.004992 -0.004992 -0.004992 -0.004992 -0.004991 -0.004991 -0.004991 -0.004990 -0.004990 -0.004990 -0.004990 -0.004989 -0.004989 -0.004989 -0.004989 -0.004988 -0.004988 -0.004988 -0.004988 -0.004988 
0.000000 -0.004982 -0.005032 -0.005032 -0.005032 -0.005032 -0.005032 -0.005032 -0.005032 -0.005032 -0.005032 -0.005032 -0.005032 -0.005032 -0.005032 -0.005032 -0.005032 -0.005032 -0.005032 -0.005032 -0.005032 -0.005032 -0.005032 -0.005032 -0.005032 -0.005032 -0.005032 -0.005032 -0.005032 -0.005032 -0.005032 -0.005032 -0.005032 -0.005032 -0.005032 -0.005032 -0.005032 -0.005032 -0.005032 -0.005032 -0.005032 -0.005032 -0.005032 -0.005032 -0.005032 -0.005032 -0.005032 -0.005032 -0.005032 -0.005032 -0.005032 -0.005032 -0.005032 -0.005032 -0.005032 -0.005032 -0.005032 -0.005032 -0.005032 -0.005032 -0.005032 -0.005032 -0.005032 -0.005032 -0.005032 -0.005032 -0.005031 -0.005031 -0.005031 -0.005031 -0.005031 -0.005031 -0.005031 -0.005031 -0.005031 -0.005031 -0.005031 -0.005031 -0.005031 -0.005031 -0.005031 -0.005031 -0.005031 -0.005031 
0.000000 -0.004982 -0.005032 -0.005032 -0.005032 -0.005032 -0.005032 -0.005032 -0.005032 -0.005032 -0.005032 -0.005032 -0.005032 -0.005032 -0.005032 -0.005032 -0.005032 -0.005032 -0.005032 -0.005032 -0.005032 -0.005032 -0.005032 -0.005032 -0.005032 -0.005032 -0.005032 -0.005032 -0.005032 -0.005032 -0.005032 -0.005032 -0.005032 -0.005032 -0.005032 -0.005032 -0.005032 -0.005032 -0.005032 -0.005032 -0.005032 -0.005032 -0.005032 -0.005032 -0.005032 -0.005032 -0.005032 -0.005032 -0.005032 -0.005032 -0.005032 -0.005032 -0.005032 -0.005032 -0.005032 -0.005032 -0.005032 -0.005032 -0.005032 -0.005032 -0.005032 -0.005032 -0.005032 -0.005032 -0.005032 -0.005032 -0.005032 -0.005032 -0.005032 -0.005032 -0.005032 -0.005032 -0.005032 -0.005032 -0.005032 -0.005032 -0.005032 -0.005032 -0.005032 -0.005032 -0.005032 -0.005032 -0.005032 -0.005032 
0.000000 -0.004982 -0.005032 -0.005032 -0.005032 -0.005032 -0.005032 -0.005032 -0.005032 -0.005032 -0.005032 -0.005032 -0.005032 -0.005032 -0.005032 -0.005032 -0.005032 -0.005032 -0.005032 -0.005032 -0.005032 -0.005032 -0.005032 -0.005032 -0.005032 -0.005032 -0.005032 -0.005032 -0.005032 -0.005032 -0.005032 -0.005032 -0.005032 -0.005032 -0.005032 -0.005032 -0.005032 -0.005032 -0.005032 -0.005032 -0.005032 -0.005032 -0.005032 -0.005032 -0.005032 -0.005032 -0.005032 -0.005032 -0.005032 -0.005032 -0.005032 -0.005032 -0.005032 -0.005032 -0.005032 -0.005032 -0.005032 -0.005032 -0.005032 -0.005032 -0.005032 -0.005032 -0.005032 -0.005032 -0.005032 -0.005032 -0.005032 -0.005032 -0.005032 -0.005032 -0.005032 -0.005032 -0.005032 -0.005032 -0.005032 -0.005032 -0.005032 -0.005032 -0.005032 -0.005032 -0.005032 -0.005032 -0.005032 -0.005032 
0.000000 -0.004982 -0.005032 -0.005032 -0.005032 -0.005032 -0.005032 -0.005032 -0.005032 -0.005032 -0.005032 -0.005032 -0.005032 -0.005032 -0.005032 -0.005032 -0.005032 -0.005032 -0.005032 -0.005032 -0.005032 -0.005032 -0.005032 -0.005032 -0.005032 -0.005032 -0.005032 -0.005032 -0.005032 -0.005032 -0.005032 -0.005032 -0.005032 -0.005032 -0.005032 -0.005032 -0.005032 -0.005032 -0.005032 -0.005032 -0.005032 -0.005032 -0.005032 -0.005032 -0.005032 -0.005032 -0.005032 -0.005032 -0.005032 -0.005032 -0.005032 -0.005032 -0.005032 -0.005032 -0.005032 -0.005032 -0.005032 -0.005032 -0.005032 -0.005032 -0.005032 -0.005032 -0.005032 -0.005032 -0.005032 -0.005032 -0.005032 -0.005032 -0.005032 -0.005032 -0.005032 -0.005032 -0.005032 -0.005032 -0.005032 -0.005032 -0.005032 -0.005032 -0.005032 -0.005032 -0.005032 -0.005032 -0.005032 -0.005032 
0.000000 -0.004982 -0.005032 -0.005032 -0.005032 -0.005032 -0.005032 -0.005032 -0.005032 -0.005032 -0.005032 -0.005032 -0.005032 -0.005032 -0.005032 -0.005032 -0.005032 -0.005032 -0.005032 -0.005032 -0.005032 -0.005032 -0.005032 -0.005032 -0.005032 -0.005032 -0.005032 -0.005032 -0.005032 -0.005032 -0.005032 -0.005032 -0.005032 -0.005032 -0.005032 -0.005032 -0.005032 -0.005032 -0.005032 -0.005032 -0.005032 -0.005032 -0.005032 -0.005032 -0.005032 -0.005032 -0.005032 -0.005032 -0.005032 -0.005032 -0.005032 -0.005032 -0.005032 -0.005032 -0.005032 -0.005032 -0.005032 -0.005032 -0.005032 -0.005032 -0.005032 -0.005032 -0.005032 -0.005032 -0.005032 -0.005032 -0.005032 -0.005032 -0.005032 -0.005032 -0.005032 -0.005032 -0.005032 -0.005032 -0.005032 -0.005032 -0.005032 -0.005032 -0.005032 -0.005032 -0.005032 -0.005032 -0.005032 -0.005032 
0.000000 -0.004982 -0.005032 -0.005032 -0.005032 -0.005032 -0.005032 -0.005032 -0.005032 -0.005032 -0.005032 -0.005032 -0.005032 -0.005032 -0.005032 -0.005032 -0.005032 -0.005032 -0.005032 -0.005032 -0.005032 -0.005032 -0.005032 -0.005032 -0.005032 -0.005032 -0.005032 -0.005032 -0.005032 -0.005032 -0.005032 -0.005032 -0.005032 -0.005032 -0.005032 -0.005032 -0.005032 -0.005032 -0.005032 -0.005032 -0.005032 -0.005032 -0.005032 -0.005032 -0.005032 -0.005032 -0.005032 -0.005032 -0.005032 -0.005032 -0.005032 -0.005032 -0.005032 -0.005032 -0.005032 -0.005032 -0.005032 -0.005032 -0.005032 -0.005032 -0.005032 -0.005032 -0.005032 -0.005032 -0.005032 -0.005032 -0.005032 -0.005032 -0.005032 -0.005032 -0.005032 -0.005032 -0.005032 -0.005032 -0.005032 -0.005032 -0.005032 -0.005032 -0.005032 -0.005032 -0.005032 -0.005032 -0.005032 -0.005032 
0.000000 -0.004982 -0.005032 -0.005032 -0.005032 -0.005032 -0.005032 -0.005032 -0.005032 -0.005032 -0.005032 -0.005032 -0.005032 -0.005032 -0.005032 -0.005032 -0.005032 -0.005032 -0.005032 -0.005032 -0.005032 -0.005032 -0.005032 -0.005032 -0.005032 -0.005032 -0.005032 -0.005032 -0.005032 -0.005032 -0.005032 -0.005032 -0.005032 -0.005032 -0.005032 -0.005032 -0.005032 -0.005032 -0.005032 -0.005032 -0.005032 -0.005032 -0.005032 -0.005032 -0.005032 -0.005032 -0.005032 -0.005032 -0.005032 -0.005032 -0.005032 -0.005032 -0.005032 -0.005032 -0.005032 -0.005032 -0.005032 -0.005032 -0.005032 -0.005032 -0.005032 -0.005032 -0.005032 -0.005032 -0.005032 -0.005032 -0.005032 -0.005032 -0.005032 -0.005032 -0.005032 -0.005032 -0.005032 -0.005032 -0.005032 -0.005032 -0.005032 -0.005032 -0.005032 -0.005032 -0.005032 -0.005032 -0.005032 -0.005032 
0.000000 -0.004982 -0.005032 -0.005032 -0.005032 -0.005032 -0.005032 -0.005032 -0.005032 -0.005032 -0.005032 -0.005032 -0.005032 -0.005032 -0.005032 -0.005032 -0.005032 -0.005032 -0.005032 -0.005032 -0.005032 -0.005032 -0.005032 -0.005032 -0.005032 -0.005032 -0.005032 -0.005032 -0.005032 -0.005032 -0.005032 -0.005032 -0.005032 -0.005032 -0.005032 -0.005032 -0.005032 -0.005032 -0.005032 -0.005032 -0.005032 -0.005032 -0.005032 -0.005032 -0.005032 -0.005032 -0.005032 -0.005032 -0.005032 -0.005032 -0.005032 -0.005032 -0.005032 -0.005032 -0.005032 -0.005032 -0.005032 -0.005032 -0.005032 -0.005032 -0.005032 -0.005032 -0.005032 -0.005032 -0.005032 -0.005032 -0.005032 -0.005032 -0.005032 -0.005032 -0.005032 -0.005032 -0.005032 -0.005032 -0.005032 -0.005032 -0.005032 -0.005032 -0.005032 -0.005032 -0.005032 -0.005032 -0.005032 -0.005032 
0.000000 -0.004982 -0.005032 -0.005032 -0.005032 -0.005032 -0.005032 -0.005032 -0.005032 -0.005032 -0.005032 -0.005032 -0.005032 -0.005032 -0.005032 -0.005032 -0.005032 -0.005032 -0.005032 -0.005032 -0.005032 -0.005032 -0.005032 -0.005032 -0.005032 -0.005032 -0.005032 -0.005032 -0.005032 -0.005032 -0.005032 -0.005032 -0.005032 -0.005032 -0.005032 -0.005032 -0.005032 -0.005032 -0.005032 -0.005032 -0.005032 -0.005032 -0.005032 -0.005032 -0.005032 -0.005032 -0.005032 -0.005032 -0.005032 -0.005032 -0.005032 -0.005032 -0.005032 -0.005032 -0.005032 -0.005032 -0.005032 -0.005032 -0.005032 -0.005032 -0.005032 -0.005032 -0.005032 -0.005032 -0.005032 -0.005032 -0.005032 -0.005032 -0.005032 -0.005032 -0.005032 -0.005032 -0.005032 -0.005032 -0.005032 -0.005032 -0.005032 -0.005032 -0.005032 -0.005032 -0.005032 -0.005032 -0.005032 -0.005032 
0.000000 -0.004982 -0.005032 -0.005032 -0.005032 -0.005032 -0.005032 -0.005032 -0.005032 -0.005032 -0.005032 -0.005032 -0.005032 -0.005032 -0.005032 -0.005032 -0.005032 -0.005032 -0.005032 -0.005032 -0.005032 -0.005032 -0.005032 -0.005032 -0.005032 -0.005032 -0.005032 -0.005032 -0.005032 -0.005032 -0.005032 -0.005032 -0.005032 -0.005032 -0.005032 -0.005032 -0.005032 -0.005032 -0.005032 -0.005032 -0.005032 -0.005032 -0.005032 -0.005032 -0.005032 -0.005032 -0.005032 -0.005032 -0.005032 -0.005032 -0.005032 -0.005032 -0.005032 -0.005032 -0.005032 -0.005032 -0.005032 -0.005032 -0.005032 -0.005032 -0.005032 -0.005032 -0.005032 -0.005032 -0.005032 -0.005032 -0.005032 -0.005032 -0.005032 -0.005032 -0.005032 -0.005032 -0.005032 -0.005032 -0.005032 -0.005032 -0.005032 -0.005032 -0.005032 -0.005032 -0.005032 -0.005032 -0.005032 -0.005032 
0.000000 -0.004982 -0.005032 -0.005032 -0.005032 -0.005032 -0.005032 -0.005032 -0.005032 -0.005032 -0.005032 -0.005032 -0.005032 -0.005032 -0.005032 -0.005032 -0.005032 -0.005032 -0.005032 -0.005032 -0.005032 -0.005032 -0.005032 -0.005032 -0.005032 -0.005032 -0.005032 -0.005032 -0.005032 -0.005032 -0.005032 -0.005032 -0.005032 -0.005032 -0.005032 -0.005032 -0.005032 -0.005032 -0.005032 -0.005032 -0.005032 -0.005032 -0.005032 -0.005032 -0.005032 -0.005032 -0.005032 -0.005032 -0.005032 -0.005032 -0.005032 -0.005032 -0.005032 -0.005032 -0.005032 -0.005032 -0.005032 -0.005032 -0.005032 -0.005032 -0.005032 -0.005032 -0.005032 -0.005032 -0.005032 -0.005032 -0.005032 -0.005032 -0.005032 -0.005032 -0.005032 -0.005032 -0.005032 -0.005032 -0.005032 -0.005032 -0.005032 -0.005032 -0.005032 -0.005032 -0.005032 -0.005032 -0.005032 -0.005032 
0.000000 -0.004982 -0.005032 -0.005032 -0.005032 -0.005032 -0.005032 -0.005032 -0.005032 -0.005032 -0.005032 -0.005032 -0.005032 -0.005032 -0.005032 -0.005032 -0.005032 -0.005032 -0.005032 -0.005032 -0.005032 -0.005032 -0.005032 -0.005032 -0.005032 -0.005032 -0.005032 -0.005032 -0.005032 -0.005032 -0.005032 -0.005032 -0.005032 -0.005032 -0.005032 -0.005032 -0.005032 -0.005032 -0.005032 -0.005032 -0.005032 -0.005032 -0.005032 -0.005032 -0.005032 -0.005032 -0.005032 -0.005032 -0.005032 -0.005032 -0.005032 -0.005032 -0.005032 -0.005032 -0.005032 -0.005032 -0.005032 -0.005032 -0.005032 -0.005032 -0.005032 -0.005032 -0.005032 -0.005032 -0.005032 -0.005032 -0.005032 -0.005032 -0.005032 -0.005032 -0.005032 -0.005032 -0.005032 -0.005032 -0.005032 -0.005032 -0.005032 -0.005032 -0.005032 -0.005032 -0.005032 -0.005032 -0.005032 -0.005032 
0.000000 -0.004982 -0.005032 -0.005032 -0.005032 -0.005032 -0.005032 -0.005032 -0.005032 -0.005032 -0.005032 -0.005032 -0.005032 -0.005032 -0.005032 -0.005032 -0.005032 -0.005032 -0.005032 -0.005032 -0.005032 -0.005032 -0.005032 -0.005032 -0.005032 -0.005032 -0.005032 -0.005032 -0.005032 -0.005032 -0.005032 -0.005032 -0.005032 -0.005032 -0.005032 -0.005032 -0.005032 -0.005032 -0.005032 -0.005032 -0.005032 -0.005032 -0.005032 -0.005032 -0.005032 -0.005032 -0.005032 -0.005032 -0.005032 -0.005032 -0.005032 -0.005032 -0.005032 -0.005032 -0.005032 -0.005032 -0.005032 -0.005032 -0.005032 -0.005032 -0.005032 -0.005032 -0.005032 -0.005032 -0.005032 -0.005032 -0.005032 -0.005032 -0.005032 -0.005032 -0.005032 -0.005032 -0.005032 -0.005032 -0.005032 -0.005032 -0.005032 -0.005032 -0.005032 -0.005032 -0.005032 -0.005032 -0.005032 -0.005032 
0.000000 -0.004982 -0.005032 -0.005032 -0.005032 -0.005032 -0.005032 -0.005032 -0.005032 -0.005032 -0.005032 -0.005032 -0.005032 -0.005032 -0.005032 -0.005032 -0.005032 -0.005032 -0.005032 -0.005032 -0.005032 -0.005032 -0.005032 -0.005032 -0.005032 -0.005032 -0.005032 -0.005032 -0.005032 -0.005032 -0.005032 -0.005032 -0.005032 -0.005032 -0.005032 -0.005032 -0.005032 -0.005032 -0.005032 -0.005032 -0.005032 -0.005032 -0.005032 -0.005032 -0.005032 -0.005032 -0.005032 -0.005032 -0.005032 -0.005032 -0.005032 -0.005032 -0.005032 -0.005032 -0.005032 -0.005032 -0.005032 -0.005032 -0.005032 -0.005032 -0.005032 -0.005032 -0.005032 -0.005032 -0.005032 -0.005032 -0.005032 -0.005032 -0.005032 -0.005032 -0.005032 -0.005032 -0.005032 -0.005032 -0.005032 -0.005032 -0.005032 -0.005032 -0.005032 -0.005032 -0.005032 -0.005032 -0.005032 -0.005032 
0.000000 -0.004982 -0.005032 -0.005032 -0.005032 -0.005032 -0.005032 -0.005032 -0.005032 -0.005032 -0.005032 -0.005032 -0.005032 -0.005032 -0.005032 -0.005032 -0.005032 -0.005032 -0.005032 -0.005032 -0.005032 -0.005032 -0.005032 -0.005032 -0.005032 -0.005032 -0.005032 -0.005032 -0.005032 -0.005032 -0.005032 -0.005032 -0.005032 -0.005032 -0.005032 -0.005032 -0.005032 -0.005032 -0.005032 -0.005032 -0.005032 -0.005032 -0.005032 -0.005032 -0.005032 -0.005032 -0.005032 -0.005032 -0.005032 -0.005032 -0.005032 -0.005032 -0.005032 -0.005032 -0.005032 -0.005032 -0.005032 -0.005032 -0.005032 -0.005032 -0.005032 -0.005032 -0.005032 -0.005032 -0.005032 -0.005032 -0.005032 -0.005032 -0.005032 -0.005032 -0.005032 -0.005032 -0.005032 -0.005032 -0.005032 -0.005032 -0.005032 -0.005032 -0.005032 -0.005032 -0.005032 -0.005032 -0.005032 -0.005032 
0.000000 -0.004982 -0.005032 -0.005032 -0.005032 -0.005032 -0.005032 -0.005032 -0.005032 -0.005032 -0.005032 -0.005032 -0.005032 -0.005032 -0.005032 -0.005032 -0.005032 -0.005032 -0.005032 -0.005032 -0.005032 -0.005032 -0.005032 -0.005032 -0.005032 -0.005032 -0.005032 -0.005032 -0.005032 -0.005032 -0.005032 -0.005032 -0.005032 -0.005032 -0.005032 -0.005032 -0.005032 -0.005032 -0.005032 -0.005032 -0.005032 -0.005032 -0.005032 -0.005032 -0.005032 -0.005032 -0.005032 -0.005032 -0.005032 -0.005032 -0.005032 -0.005032 -0.005032 -0.005032 -0.005032 -0.005032 -0.005032 -0.005032 -0.005032 -0.005032 -0.005032 -0.005032 -0.005032 -0.005032 -0.005032 -0.005032 -0.005032 -0.005032 -0.005032 -0.005032 -0.005032 -0.005032 -0.005032 -0.005032 -0.005032 -0.005032 -0.005032 -0.005032 -0.005032 -0.005032 -0.005032 -0.005032 -0.005032 -0.005032 
0.000000 -0.004982 -0.005032 -0.005032 -0.005032 -0.005032 -0.005032 -0.005032 -0.005032 -0.005032 -0.005032 -0.005032 -0.005032 -0.005032 -0.005032 -0.005032 -0.005032 -0.005032 -0.005032 -0.005032 -0.005032 -0.005032 -0.005032 -0.005032 -0.005032 -0.005032 -0.005032 -0.005032 -0.005032 -0.005032 -0.005032 -0.005032 -0.005032 -0.005032 -0.005032 -0.005032 -0.005032 -0.005032 -0.005032 -0.005032 -0.005032 -0.005032 -0.005032 -0.005032 -0.005032 -0.005032 -0.005032 -0.005032 -0.005032 -0.005032 -0.005032 -0.005032 -0.005032 -0.005032 -0.005032 -0.005032 -0.005032 -0.005032 -0.005032 -0.005032 -0.005032 -0.005032 -0.005032 -0.005032 -0.005032 -0.005032 -0.005032 -0.005032 -0.005032 -0.005032 -0.005032 -0.005032 -0.005032 -0.005032 -0.005032 -0.005032 -0.005032 -0.005032 -0.005032 -0.005032 -0.005032 -0.005032 -0.005032 -0.005032 
0.000000 -0.004982 -0.005032 -0.005032 -0.005032 -0.005032 -0.005032 -0.005032 -0.005032 -0.005032 -0.005032 -0.005032 -0.005032 -0.005032 -0.005032 -0.005032 -0.005032 -0.005032 -0.005032 -0.005032 -0.005032 -0.005032 -0.005032 -0.005032 -0.005032 -0.005032 -0.005032 -0.005032 -0.005032 -0.005032 -0.005032 -0.005032 -0.005032 -0.005032 -0.005032 -0.005032 -0.005032 -0.005032 -0.005032 -0.005032 -0.005032 -0.005032 -0.005032 -0.005032 -0.005032 -0.005032 -0.005032 -0.005032 -0.005032 -0.005032 -0.005032 -0.005032 -0.005032 -0.005032 -0.005032 -0.005032 -0.005032 -0.005032 -0.005032 -0.005032 -0.005032 -0.005032 -0.005032 -0.005032 -0.005032 -0.005032 -0.005032 -0.005032 -0.005032 -0.005032 -0.005032 -0.005032 -0.005032 -0.005032 -0.005032 -0.005032 -0.005032 -0.005032 -0.005032 -0.005032 -0.005032 -0.005032 -0.005032 -0.005032 
0.000000 -0.004982 -0.005032 -0.005032 -0.005032 -0.005032 -0.005032 -0.005032 -0.005032 -0.005032 -0.005032 -0.005032 -0.005032 -0.005032 -0.005032 -0.005032 -0.005032 -0.005032 -0.005032 -0.005032 -0.005032 -0.005032 -0.005032 -0.005032 -0.005032 -0.005032 -0.005032 -0.005032 -0.005032 -0.005032 -0.005032 -0.005032 -0.005032 -0.005032 -0.005032 -0.005032 -0.005032 -0.005032 -0.005032 -0.005032 -0.005032 -0.005032 -0.005032 -0.005032 -0.005032 -0.005032 -0.005032 -0.005032 -0.005032 -0.005032 -0.005032 -0.005032 -0.005032 -0.005032 -0.005032 -0.005032 -0.005032 -0.005032 -0.005032 -0.005032 -0.005032 -0.005032 -0.005032 -0.005032 -0.005032 -0.005032 -0.005032 -0.005032 -0.005032 -0.005032 -0.005032 -0.005032 -0.005032 -0.005032 -0.005032 -0.005032 -0.005032 -0.005032 -0.005032 -0.005032 -0.005032 -0.005032 -0.005032 -0.005032 
0.000000 -0.004982 -0.005032 -0.005032 -0.005032 -0.005032 -0.005032 -0.005032 -0.005032 -0.005032 -0.005032 -0.005032 -0.005032 -0.005032 -0.005032 -0.005032 -0.005032 -0.005032 -0.005032 -0.005032 -0.005032 -0.005032 -0.005032 -0.005032 -0.005032 -0.005032 -0.005032 -0.005032 -0.005032 -0.005032 -0.005032 -0.005032 -0.005032 -0.005032 -0.005032 -0.005032 -0.005032 -0.005032 -0.005032 -0.005032 -0.005032 -0.005032 -0.005032 -0.005032 -0.005032 -0.005032 -0.005032 -0.005032 -0.005032 -0.005032 -0.005032 -0.005032 -0.005032 -0.005032 -0.005032 -0.005032 -0.005032 -0.005032 -0.005032 -0.005032 -0.005032 -0.005032 -0.005032 -0.005032 -0.005032 -0.005032 -0.005032 -0.005032 -0.005032 -0.005032 -0.005032 -0.005032 -0.005032 -0.005032 -0.005032 -0.005032 -0.005032 -0.005032 -0.005032 -0.005032 -0.005032 -0.005032 -0.005032 -0.005032 
0.000000 -0.004982 -0.005032 -0.005032 -0.005032 -0.005032 -0.005032 -0.005032 -0.005032 -0.005032 -0.005032 -0.005032 -0.005032 -0.005032 -0.005032 -0.005032 -0.005032 -0.005032 -0.005032 -0.005032 -0.005032 -0.005032 -0.005032 -0.005032 -0.005032 -0.005032 -0.005032 -0.005032 -0.005032 -0.005032 -0.005032 -0.005032 -0.005032 -0.005032 -0.005032 -0.005032 -0.005032 -0.005032 -0.005032 -0.005032 -0.005032 -0.005032 -0.005032 -0.005032 -0.005032 -0.005032 -0.005032 -0.005032 -0.005032 -0.005032 -0.005032 -0.005032 -0.005032 -0.005032 -0.005032 -0.005032 -0.005032 -0.005032 -0.005032 -0.005032 -0.005032 -0.005032 -0.005032 -0.005032 -0.005032 -0.005032 -0.005032 -0.005032 -0.005032 -0.005032 -0.005032 -0.005032 -0.005032 -0.005032 -0.005032 -0.005032 -0.005032 -0.005032 -0.005032 -0.005032 -0.005032 -0.005032 -0.005032 -0.005032 
0.000000 -0.004982 -0.005032 -0.005032 -0.005032 -0.005032 -0.005032 -0.005032 -0.005032 -0.005032 -0.005032 -0.005032 -0.005032 -0.005032 -0.005032 -0.005032 -0.005032 -0.005032 -0.005032 -0.005032 -0.005032 -0.005032 -0.005032 -0.005032 -0.005032 -0.005032 -0.005032 -0.005032 -0.005032 -0.005032 -0.005032 -0.005032 -0.005032 -0.005032 -0.005032 -0.005032 -0.005032 -0.005032 -0.005032 -0.005032 -0.005032 -0.005032 -0.005032 -0.005032 -0.005032 -0.005032 -0.005032 -0.005032 -0.005032 -0.005032 -0.005032 -0.005032 -0.005032 -0.005032 -0.005032 -0.005032 -0.005032 -0.005032 -0.005032 -0.005032 -0.005032 -0.005032 -0.005032 -0.005032 -0.005032 -0.005032 -0.005032 -0.005032 -0.005032 -0.005032 -0.005032 -0.005032 -0.005032 -0.005032 -0.005032 -0.005032 -0.005032 -0.005032 -0.005032 -0.005032 -0.005032 -0.005032 -0.005032 -0.005032 
0.000000 -0.004982 -0.005032 -0.005032 -0.005032 -0.005032 -0.005032 -0.005032 -0.005032 -0.005032 -0.005032 -0.005032 -0.005032 -0.005032 -0.005032 -0.005032 -0.005032 -0.005032 -0.005032 -0.005032 -0.005032 -0.005032 -0.005032 -0.005032 -0.005032 -0.005032 -0.005032 -0.005032 -0.005032 -0.005032 -0.005032 -0.005032 -0.005032 -0.005032 -0.005032 -0.005032 -0.005032 -0.005032 -0.005032 -0.005032 -0.005032 -0.005032 -0.005032 -0.005032 -0.005032 -0.005032 -0.005032 -0.005032 -0.005032 -0.005032 -0.005032 -0.005032 -0.005032 -0.005032 -0.005032 -0.005032 -0.005032 -0.005032 -0.005032 -0.005032 -0.005032 -0.005032 -0.005032 -0.005032 -0.005032 -0.005032 -0.005032 -0.005032 -0.005032 -0.005032 -0.005032 -0.005032 -0.005032 -0.005032 -0.005032 -0.005032 -0.005032 -0.005032 -0.005032 -0.005032 -0.005032 -0.005032 -0.005032 -0.005032 
0.000000 -0.004982 -0.005032 -0.005032 -0.005032 -0.005032 -0.005032 -0.005032 -0.005032 -0.005032 -0.005032 -0.005032 -0.005032 -0.005032 -0.005032 -0.005032 -0.005032 -0.005032 -0.005032 -0.005032 -0.005032 -0.005032 -0.005032 -0.005032 -0.005032 -0.005032 -0.005032 -0.005032 -0.005032 -0.005032 -0.005032 -0.005032 -0.005032 -0.005032 -0.005032 -0.005032 -0.005032 -0.005032 -0.005032 -0.005032 -0.005032 -0.005032 -0.005032 -0.005032 -0.005032 -0.005032 -0.005032 -0.005032 -0.005032 -0.005032 -0.005032 -0.005032 -0.005032 -0.005032 -0.005032 -0.005032 -0.005032 -0.005032 -0.005032 -0.005032 -0.005032 -0.005032 -0.005032 -0.005032 -0.005032 -0.005032 -0.005032 -0.005032 -0.005032 -0.005032 -0.005032 -0.005032 -0.005032 -0.005032 -0.005032 -0.005032 -0.005032 -0.005032 -0.005032 -0.005032 -0.005032 -0.005032 -0.005032 -0.005032 
0.000000 -0.004982 -0.005032 -0.005032 -0.005032 -0.005032 -0.005032 -0.005032 -0.005032 -0.005032 -0.005032 -0.005032 -0.005032 -0.005032 -0.005032 -0.005032 -0.005032 -0.005032 -0.005032 -0.005032 -0.005032 -0.005032 -0.005032 -0.005032 -0.005032 -0.005032 -0.005032 -0.005032 -0.005032 -0.005032 -0.005032 -0.005032 -0.005032 -0.005032 -0.005032 -0.005032 -0.005032 -0.005032 -0.005032 -0.005032 -0.005032 -0.005032 -0.005032 -0.005032 -0.005032 -0.005032 -0.005032 -0.005032 -0.005032 -0.005032 -0.005032 -0.005032 -0.005032 -0.005032 -0.005032 -0.005032 -0.005032 -0.005032 -0.005032 -0.005032 -0.005032 -0.005032 -0.005032 -0.005032 -0.005032 -0.005032 -0.005032 -0.005032 -0.005032 -0.005032 -0.005032 -0.005032 -0.005032 -0.005032 -0.005032 -0.005032 -0.005032 -0.005032 -0.005032 -0.005032 -0.005032 -0.005032 -0.005032 -0.005032 
0.000000 -0.004982 -0.005032 -0.005032 -0.005032 -0.005032 -0.005032 -0.005032 -0.005032 -0.005032 -0.005032 -0.005032 -0.005032 -0.005032 -0.005032 -0.005032 -0.005032 -0.005032 -0.005032 -0.005032 -0.005032 -0.005032 -0.005032 -0.005032 -0.005032 -0.005032 -0.005032 -0.005032 -0.005032 -0.005032 -0.005032 -0.005032 -0.005032 -0.005032 -0.005032 -0.005032 -0.005032 -0.005032 -0.005032 -0.005032 -0.005032 -0.005032 -0.005032 -0.005032 -0.005032 -0.005032 -0.005032 -0.005032 -0.005032 -0.005032 -0.005032 -0.005032 -0.005032 -0.005032 -0.005032 -0.005032 -0.005032 -0.005032 -0.005032 -0.005032 -0.005032 -0.005032 -0.005032 -0.005032 -0.005032 -0.005032 -0.005032 -0.005032 -0.005032 -0.005032 -0.005032 -0.005032 -0.005032 -0.005032 -0.005032 -0.005032 -0.005032 -0.005032 -0.005032 -0.005032 -0.005032 -0.005032 -0.005032 -0.005032 
0.000000 -0.004982 -0.005032 -0.005032 -0.005032 -0.005032 -0.005032 -0.005032 -0.005032 -0.005032 -0.005032 -0.005032 -0.005032 -0.005032 -0.005032 -0.005032 -0.005032 -0.005032 -0.005032 -0.005032 -0.005032 -0.005032 -0.005032 -0.005032 -0.005032 -0.005032 -0.005032 -0.005032 -0.005032 -0.005032 -0.005032 -0.005032 -0.005032 -0.005032 -0.005032 -0.005032 -0.005032 -0.005032 -0.005032 -0.005032 -0.005032 -0.005032 -0.005032 -0.005032 -0.005032 -0.005032 -0.005032 -0.005032 -0.005032 -0.005032 -0.005032 -0.005032 -0.005032 -0.005032 -0.005032 -0.005032 -0.005032 -0.005032 -0.005032 -0.005032 -0.005032 -0.005032 -0.005032 -0.005032 -0.005032 -0.005032 -0.005032 -0.005032 -0.005032 -0.005032 -0.005032 -0.005032 -0.005032 -0.005032 -0.005032 -0.005032 -0.005032 -0.005032 -0.005032 -0.005032 -0.005032 -0.005032 -0.005032 -0.005032 
0.000000 -0.004982 -0.005032 -0.005032 -0.005032 -0.005032 -0.005032 -0.005032 -0.005032 -0.005032 -0.005032 -0.005032 -0.005032 -0.005032 -0.005032 -0.005032 -0.005032 -0.005032 -0.005032 -0.005032 -0.005032 -0.005032 -0.005032 -0.005032 -0.005032 -0.005032 -0.005032 -0.005032 -0.005032 -0.005032 -0.005032 -0.005032 -0.005032 -0.005032 -0.005032 -0.005032 -0.005032 -0.005032 -0.005032 -0.005032 -0.005032 -0.005032 -0.005032 -0.005032 -0.005032 -0.005032 -0.005032 -0.005032 -0.005032 -0.005032 -0.005032 -0.005032 -0.005032 -0.005032 -0.005032 -0.005032 -0.005032 -0.005032 -0.005032 -0.005032 -0.005032 -0.005032 -0.005032 -0.005032 -0.005032 -0.005032 -0.005032 -0.005032 -0.005032 -0.005032 -0.005032 -0.005032 -0.005032 -0.005032 -0.005032 -0.005032 -0.005032 -0.005032 -0.005032 -0.005032 -0.005032 -0.005032 -0.005032 -0.005032 
0.000000 -0.004982 -0.005032 -0.005032 -0.005032 -0.005032 -0.005032 -0.005032 -0.005032 -0.005032 -0.005032 -0.005032 -0.005032 -0.005032 -0.005032 -0.005032 -0.005032 -0.005032 -0.005032 -0.005032 -0.005032 -0.005032 -0.005032 -0.005032 -0.005032 -0.005032 -0.005032 -0.005032 -0.005032 -0.005032 -0.005032 -0.005032 -0.005032 -0.005032 -0.005032 -0.005032 -0.005032 -0.005032 -0.005032 -0.005032 -0.005032 -0.005032 -0.005032 -0.005032 -0.005032 -0.005032 -0.005032 -0.005032 -0.005032 -0.005032 -0.005032 -0.005032 -0.005032 -0.005032 -0.005032 -0.005032 -0.005032 -0.005032 -0.005032 -0.005032 -0.005032 -0.005032 -0.005032 -0.005032 -0.005032 -0.005032 -0.005032 -0.005032 -0.005032 -0.005032 -0.005032 -0.005032 -0.005032 -0.005032 -0.005032 -0.005032 -0.005032 -0.005032 -0.005032 -0.005032 -0.005032 -0.005032 -0.005032 -0.005032 
0.000000 -0.004982 -0.005032 -0.005032 -0.005032 -0.005032 -0.005032 -0.005032 -0.005032 -0.005032 -0.005032 -0.005032 -0.005032 -0.005032 -0.005032 -0.005032 -0.005032 -0.005032 -0.005032 -0.005032 -0.005032 -0.005032 -0.005032 -0.005032 -0.005032 -0.005032 -0.005032 -0.005032 -0.005032 -0.005032 -0.005032 -0.005032 -0.005032 -0.005032 -0.005032 -0.005032 -0.005032 -0.005032 -0.005032 -0.005032 -0.005032 -0.005032 -0.005032 -0.005032 -0.005032 -0.005032 -0.005032 -0.005032 -0.005032 -0.005032 -0.005032 -0.005032 -0.005032 -0.005032 -0.005032 -0.005032 -0.005032 -0.005032 -0.005032 -0.005032 -0.005032 -0.005032 -0.005032 -0.005032 -0.005032 -0.005032 -0.005032 -0.005032 -0.005032 -0.005032 -0.005032 -0.005032 -0.005032 -0.005032 -0.005032 -0.005032 -0.005032 -0.005032 -0.005032 -0.005032 -0.005032 -0.005032 -0.005032 -0.005032 
0.000000 -0.004982 -0.005032 -0.005032 -0.005032 -0.005032 -0.005032 -0.005032 -0.005032 -0.005032 -0.005032 -0.005032 -0.005032 -0.005032 -0.005032 -0.005032 -0.005032 -0.005032 -0.005032 -0.005032 -0.005032 -0.005032 -0.005032 -0.005032 -0.005032 -0.005032 -0.005032 -0.005032 -0.005032 -0.005032 -0.005032 -0.005032 -0.005032 -0.005032 -0.005032 -0.005032 -0.005032 -0.005032 -0.005032 -0.005032 -0.005032 -0.005032 -0.005032 -0.005032 -0.005032 -0.005032 -0.005032 -0.005032 -0.005032 -0.005032 -0.005032 -0.005032 -0.005032 -0.005032 -0.005032 -0.005032 -0.005032 -0.005032 -0.005032 -0.005032 -0.005032 -0.005032 -0.005032 -0.005032 -0.005032 -0.005032 -0.005032 -0.005032 -0.005032 -0.005032 -0.005032 -0.005032 -0.005032 -0.005032 -0.005032 -0.005032 -0.005032 -0.005032 -0.005032 -0.005032 -0.005032 -0.005032 -0.005032 -0.005032 
0.000000 -0.004982 -0.005032 -0.005032 -0.005032 -0.005032 -0.005032 -0.005032 -0.005032 -0.005032 -0.005032 -0.005032 -0.005032 -0.005032 -0.005032 -0.005032 -0.005032 -0.005032 -0.005032 -0.005032 -0.005032 -0.005032 -0.005032 -0.005032 -0.005032 -0.005032 -0.005032 -0.005032 -0.005032 -0.005032 -0.005032 -0.005032 -0.005032 -0.005032 -0.005032 -0.005032 -0.005032 -0.005032 -0.005032 -0.005032 -0.005032 -0.005032 -0.005032 -0.005032 -0.005032 -0.005032 -0.005032 -0.005032 -0.005032 -0.005032 -0.005032 -0.005032 -0.005032 -0.005032 -0.005032 -0.005032 -0.005032 -0.005032 -0.005032 -0.005032 -0.005032 -0.005032 -0.005032 -0.005032 -0.005032 -0.005032 -0.005032 -0.005032 -0.005032 -0.005032 -0.005032 -0.005032 -0.005032 -0.005032 -0.005032 -0.005032 -0.005032 -0.005032 -0.005032 -0.005032 -0.005032 -0.005032 -0.005032 -0.005032 
0.000000 -0.004982 -0.005032 -0.005032 -0.005032 -0.005032 -0.005032 -0.005032 -0.005032 -0.005032 -0.005032 -0.005032 -0.005032 -0.005032 -0.005032 -0.005032 -0.005032 -0.005032 -0.005032 -0.005032 -0.005032 -0.005032 -0.005032 -0.005032 -0.005032 -0.005032 -0.005032 -0.005032 -0.005032 -0.005032 -0.005032 -0.005032 -0.005032 -0.005032 -0.005032 -0.005032 -0.005032 -0.005032 -0.005032 -0.005032 -0.005032 -0.005032 -0.005032 -0.005032 -0.005032 -0.005032 -0.005032 -0.005032 -0.005032 -0.005032 -0.005032 -0.005032 -0.005032 -0.005032 -0.005032 -0.005032 -0.005032 -0.005032 -0.005032 -0.005032 -0.005032 -0.005032 -0.005032 -0.005032 -0.005032 -0.005032 -0.005032 -0.005032 -0.005032 -0.005032 -0.005032 -0.005032 -0.005032 -0.005032 -0.005032 -0.005032 -0.005032 -0.005032 -0.005032 -0.005032 -0.005032 -0.005032 -0.005032 -0.005032 
0.000000 -0.004982 -0.005032 -0.005032 -0.005032 -0.005032 -0.005032 -0.005032 -0.005032 -0.005032 -0.005032 -0.005032 -0.005032 -0.005032 -0.005032 -0.005032 -0.005032 -0.005032 -0.005032 -0.005032 -0.005032 -0.005032 -0.005032 -0.005032 -0.005032 -0.005032 -0.005032 -0.005032 -0.005032 -0.005032 -0.005032 -0.005032 -0.005032 -0.005032 -0.005032 -0.005032 -0.005032 -0.005032 -0.005032 -0.005032 -0.005032 -0.005032 -0.005032 -0.005032 -0.005032 -0.005032 -0.005032 -0.005032 -0.005032 -0.005032 -0.005032 -0.005032 -0.005032 -0.005032 -0.005032 -0.005032 -0.005032 -0.005032 -0.005032 -0.005032 -0.005032 -0.005032 -0.005032 -0.005032 -0.005032 -0.005032 -0.005032 -0.005032 -0.005032 -0.005032 -0.005032 -0.005032 -0.005032 -0.005032 -0.005032 -0.005032 -0.005032 -0.005032 -0.005032 -0.005032 -0.005032 -0.005032 -0.005032 -0.005032 
0.000000 -0.004982 -0.005032 -0.005032 -0.005032 -0.005032 -0.005032 -0.005032 -0.005032 -0.005032 -0.005032 -0.005032 -0.005032 -0.005032 -0.005032 -0.005032 -0.005032 -0.005032 -0.005032 -0.005032 -0.005032 -0.005032 -0.005032 -0.005032 -0.005032 -0.005032 -0.005032 -0.005032 -0.005032 -0.005032 -0.005032 -0.005032 -0.005032 -0.005032 -0.005032 -0.005032 -0.005032 -0.005032 -0.005032 -0.005032 -0.005032 -0.005032 -0.005032 -0.005032 -0.005032 -0.005032 -0.005032 -0.005032 -0.005032 -0.005032 -0.005032 -0.005032 -0.005032 -0.005032 -0.005032 -0.005032 -0.005032 -0.005032 -0.005032 -0.005032 -0.005032 -0.005032 -0.005032 -0.005032 -0.005032 -0.005032 -0.005032 -0.005032 -0.005032 -0.005032 -0.005032 -0.005032 -0.005032 -0.005032 -0.005032 -0.005032 -0.005032 -0.005032 -0.005032 -0.005032 -0.005032 -0.005032 -0.005032 -0.005032 
0.000000 -0.004982 -0.005032 -0.005032 -0.005032 -0.005032 -0.005032 -0.005032 -0.005032 -0.005032 -0.005032 -0.005032 -0.005032 -0.005032 -0.005032 -0.005032 -0.005032 -0.005032 -0.005032 -0.005032 -0.005032 -0.005032 -0.005032 -0.005032 -0.005032 -0.005032 -0.005032 -0.005032 -0.005032 -0.005032 -0.005032 -0.005032 -0.005032 -0.005032 -0.005032 -0.005032 -0.005032 -0.005032 -0.005032 -0.005032 -0.005032 -0.005032 -0.005032 -0.005032 -0.005032 -0.005032 -0.005032 -0.005032 -0.005032 -0.005032 -0.005032 -0.005032 -0.005032 -0.005032 -0.005032 -0.005032 -0.005032 -0.005032 -0.005032 -0.005032 -0.005032 -0.005032 -0.005032 -0.005032 -0.005032 -0.005032 -0.005032 -0.005032 -0.005032 -0.005032 -0.005032 -0.005032 -0.005032 -0.005032 -0.005032 -0.005032 -0.005032 -0.005032 -0.005032 -0.005032 -0.005032 -0.005032 -0.005032 -0.005032 
0.000000 -0.004979 -0.005032 -0.005031 -0.005031 -0.005031 -0.005031 -0.005031 -0.005031 -0.005031 -0.005031 -0.005031 -0.005031 -0.005031 -0.005031 -0.005031 -0.005031 -0.005031 -0.005031 -0.005031 -0.005031 -0.005031 -0.005031 -0.005031 -0.005031 -0.005031 -0.005031 -0.005031 -0.005031 -0.005031 -0.005031 -0.005031 -0.005031 -0.005031 -0.005031 -0.005031 -0.005031 -0.005031 -0.005031 -0.005031 -0.005031 -0.005031 -0.005031 -0.005031 -0.005031 -0.005031 -0.005031 -0.005031 -0.005031 -0.005031 -0.005031 -0.005031 -0.005031 -0.005031 -0.005031 -0.005031 -0.005031 -0.005031 -0.005031 -0.005031 -0.005031 -0.005031 -0.005031 -0.005031 -0.005031 -0.005031 -0.005031 -0.005031 -0.005031 -0.005031 -0.005031 -0.005031 -0.005030 -0.005030 -0.005030 -0.005030 -0.005030 -0.005030 -0.005030 -0.005030 -0.005030 -0.005030 -0.005030 -0.005030 
0.000000 -0.004825 -0.005020 -0.004969 -0.004967 -0.004967 -0.004968 -0.004968 -0.004968 -0.004969 -0.004969 -0.004969 -0.004969 -0.004970 -0.004970 -0.004970 -0.004970 -0.004970 -0.004970 -0.004970 -0.004970 -0.004970 -0.004970 -0.004970 -0.004970 -0.004970 -0.004970 -0.004970 -0.004969 -0.004969 -0.004969 -0.004969 -0.004968 -0.004968 -0.004968 -0.004968 -0.004967 -0.004967 -0.004966 -0.004966 -0.004966 -0.004965 -0.004965 -0.004964 -0.004964 -0.004963 -0.004963 -0.004962 -0.004962 -0.004961 -0.004961 -0.004960 -0.004959 -0.004959 -0.004958 -0.004958 -0.004957 -0.004957 -0.004956 -0.004955 -0.004955 -0.004954 -0.004954 -0.004953 -0.004952 -0.004952 -0.004951 -0.004951 -0.004950 -0.004950 -0.004949 -0.004948 -0.004948 -0.004947 -0.004947 -0.004946 -0.004946 -0.004945 -0.004945 -0.004944 -0.004944 -0.004943 -0.004943 -0.004943 
0.000000 -0.002337 -0.002504 -0.002454 -0.002452 -0.002452 -0.002453 -0.002453 -0.002453 -0.002454 -0.002454 -0.002454 -0.002454 -0.002454 -0.002455 -0.002455 -0.002455 -0.002455 -0.002455 -0.002455 -0.002455 -0.002455 -0.002455 -0.002455 -0.002455 -0.002455 -0.002455 -0.002454 -0.002454 -0.002454 -0.002454 -0.002454 -0.002453 -0.002453 -0.002453 -0.002452 -0.002452 -0.002452 -0.002451 -0.002451 -0.002451 -0.002450 -0.002450 -0.002449 -0.002449 -0.002448 -0.002448 -0.002447 -0.002447 -0.002446 -0.002446 -0.002445 -0.002445 -0.002444 -0.002444 -0.002443 -0.002442 -0.002442 -0.002441 -0.002441 -0.002440 -0.002440 -0.002439 -0.002439 -0.002438 -0.002437 -0.002437 -0.002436 -0.002436 -0.002435 -0.002435 -0.002434 -0.002434 -0.002433 -0.002432 -0.002432 -0.002431 -0.002431 -0.002430 -0.002430 -0.002429 -0.002429 -0.002428 -0.002428 
0.000000 0.000000 0.000000 0.000000 0.000000 0.000000 0.000000 0.000000 0.000000 0.000000 0.000000 0.000000 0.000000 0.000000 0.000000 0.000000 0.000000 0.000000 0.000000 0.000000 0.000000 0.000000 0.000000 0.000000 0.000000 0.000000 0.000000 0.000000 0.000000 0.000000 0.000000 0.000000 0.000000 0.000000 0.000000 0.000000 0.000000 0.000000 0.000000 0.000000 0.000000 0.000000 0.000000 0.000000 0.000000 0.000000 0.000000 0.000000 0.000000 0.000000 0.000000 0.000000 0.000000 0.000000 0.000000 0.000000 0.000000 0.000000 0.000000 0.000000 0.000000 0.000000 0.000000 0.000000 0.000000 0.000000 0.000000 0.000000 0.000000 0.000000 0.000000 0.000000 0.000000 0.000000 0.000000 0.000000 0.000000 0.000000 0.000000 0.000000 0.000000 0.000000 0.000000 0.000000 
